0.02246 0.18314 0.07568 0.08823 0.06048 0.06280 0.08570 0.04878 0.04689 0.05459 0.04324 0.01250 0.04516 0.03297 0.02115 0.04497 0.02164 0.01975 0.01604 0.01382
0.01121 0.01653 0.05549 0.02232 0.04771 0.03052 0.02425 0.02289 0.03148 0.09996 0.39777 0.02059 0.04995 0.02608 0.01250 0.01636 0.04443 0.02891 0.02806 0.01300
0.00022 0.00000 0.00003 0.00026 0.99911 0.00000 0.00000 0.00005 0.00000 0.00017 0.00000 0.00002 0.00000 0.00001 0.00000 0.00000 0.00005 0.00002 0.00000 0.00006
0.00011 0.00000 0.00000 0.00003 0.00000 0.00000 0.00000 0.00000 0.00000 0.71553 0.28421 0.00003 0.00000 0.00000 0.00000 0.00000 0.00001 0.00004 0.00003 0.00002
0.00043 0.00001 0.00000 0.00011 0.00000 0.00000 0.00000 0.00001 0.00000 0.00000 0.00000 0.00022 0.00006 0.00004 0.00000 0.00016 0.00138 0.99710 0.00010 0.00036
0.00000 0.00000 0.00000 0.01310 0.00000 0.00008 0.00048 0.00000 0.00197 0.98031 0.00138 0.00009 0.00032 0.00000 0.00001 0.00007 0.00018 0.00009 0.00189 0.00002
0.01219 0.31007 0.06655 0.07503 0.05880 0.09259 0.02870 0.02546 0.02546 0.05831 0.01951 0.00862 0.10578 0.03376 0.01558 0.02028 0.01626 0.00691 0.00874 0.01137
0.00366 0.00706 0.00412 0.02887 0.00851 0.00657 0.00039 0.04067 0.04014 0.46612 0.11285 0.01185 0.01714 0.00516 0.00822 0.00316 0.10024 0.07556 0.02226 0.03747
0.00220 0.00003 0.00000 0.00001 0.00016 0.00000 0.00000 0.00087 0.00002 0.00000 0.00001 0.00267 0.00048 0.00006 0.00008 0.00022 0.98478 0.00009 0.00681 0.00153
0.03588 0.00141 0.00352 0.00433 0.00281 0.00127 0.00268 0.00088 0.00185 0.00135 0.00093 0.00600 0.00102 0.01425 0.00039 0.88996 0.00732 0.00330 0.00690 0.01396
0.00048 0.02209 0.48558 0.00380 0.00327 0.42423 0.00798 0.00973 0.01280 0.00066 0.00064 0.01292 0.00044 0.00599 0.00256 0.00009 0.00182 0.00035 0.00326 0.00129
0.01836 0.00000 0.00000 0.00000 0.00000 0.00000 0.00000 0.00003 0.00000 0.00000 0.00000 0.00125 0.00000 0.00063 0.00000 0.06867 0.00216 0.20288 0.11865 0.58736
0.00001 0.00000 0.00000 0.00000 0.00000 0.00000 0.00000 0.00000 0.00000 0.00000 0.00000 0.00000 0.00000 0.00000 0.00000 0.00000 0.00000 0.99999 0.00000 0.00000
0.12331 0.06812 0.01500 0.00409 0.01072 0.02461 0.08923 0.11947 0.00347 0.00508 0.00264 0.00448 0.08505 0.02334 0.02778 0.00836 0.02541 0.01937 0.00512 0.33534
0.00932 0.02768 0.04044 0.20847 0.25999 0.01496 0.04457 0.11432 0.02601 0.01639 0.03971 0.00647 0.08848 0.02892 0.02147 0.00870 0.00638 0.00446 0.00468 0.02857
0.00291 0.02776 0.00865 0.03070 0.01038 0.00360 0.00144 0.01824 0.00102 0.00154 0.00109 0.82191 0.03628 0.00326 0.00886 0.00297 0.00154 0.00222 0.01366 0.00197
0.01821 0.05123 0.01759 0.02805 0.34310 0.01035 0.02348 0.09860 0.03547 0.03418 0.05640 0.00761 0.09507 0.01429 0.01799 0.04064 0.01697 0.04180 0.01612 0.03285
0.02017 0.14648 0.12579 0.10236 0.01863 0.18827 0.01690 0.01263 0.01434 0.00830 0.00469 0.01702 0.14247 0.08267 0.01337 0.01934 0.01835 0.01961 0.00621 0.02238
0.00035 0.00736 0.76912 0.19905 0.00082 0.00020 0.00149 0.00007 0.00009 0.00003 0.00006 0.00441 0.01270 0.00130 0.00258 0.00002 0.00006 0.00024 0.00002 0.00006
0.00467 0.00129 0.00723 0.69405 0.01192 0.00464 0.00045 0.13159 0.02123 0.00896 0.00310 0.01208 0.01466 0.00846 0.00061 0.00032 0.01975 0.00340 0.01503 0.03656
0.00000 0.00000 0.00000 0.00000 0.00000 0.00000 0.00000 0.00000 0.00000 0.00000 0.00001 0.99090 0.00003 0.00000 0.00000 0.00000 0.00236 0.00000 0.00669 0.00000
0.00000 0.00002 0.00001 0.00000 0.00000 0.02922 0.00438 0.00000 0.00000 0.00000 0.00000 0.96627 0.00000 0.00000 0.00009 0.00000 0.00000 0.00000 0.00000 0.00000
0.03653 0.01681 0.08767 0.05497 0.04603 0.01640 0.00594 0.09663 0.02368 0.02294 0.02366 0.02364 0.14088 0.03077 0.01976 0.14308 0.03681 0.05382 0.11026 0.00973
0.00439 0.18397 0.08410 0.05327 0.02624 0.35788 0.03208 0.02719 0.00674 0.03482 0.01734 0.02018 0.06639 0.01300 0.00997 0.02102 0.00997 0.01051 0.01133 0.00959
0.00090 0.00087 0.00068 0.00228 0.00433 0.00042 0.00020 0.00482 0.00029 0.00006 0.00001 0.00097 0.03322 0.00054 0.94824 0.00001 0.00024 0.00019 0.00166 0.00007
0.00065 0.00154 0.01450 0.00454 0.00040 0.00945 0.00033 0.00072 0.00089 0.00002 0.00000 0.94783 0.00180 0.00812 0.00003 0.00030 0.00704 0.00011 0.00062 0.00113
0.00007 0.00020 0.00007 0.00125 0.00005 0.00064 0.00016 0.00009 0.00009 0.00001 0.00001 0.96096 0.00909 0.00019 0.00011 0.00027 0.02611 0.00009 0.00029 0.00023
0.00870 0.01459 0.00279 0.00488 0.01491 0.00030 0.84419 0.00583 0.01180 0.01590 0.00266 0.00857 0.02332 0.00476 0.01483 0.00134 0.00859 0.00185 0.00641 0.00378
0.00003 0.00002 0.00000 0.00043 0.00001 0.00000 0.00000 0.00046 0.00008 0.00001 0.00002 0.00112 0.00001 0.00001 0.00000 0.00002 0.99524 0.00004 0.00244 0.00005
0.02302 0.28959 0.06021 0.04593 0.03979 0.06574 0.02855 0.08128 0.01401 0.04791 0.02656 0.02990 0.03894 0.04578 0.01831 0.03190 0.07260 0.01113 0.01264 0.01622
0.00334 0.00172 0.00257 0.00366 0.00029 0.00082 0.00031 0.03015 0.00461 0.01032 0.00168 0.00222 0.00293 0.01058 0.00561 0.80135 0.00757 0.01576 0.04290 0.05162
0.00468 0.00630 0.00746 0.01158 0.05145 0.00227 0.00036 0.00722 0.01230 0.00794 0.00167 0.00769 0.01159 0.84687 0.00401 0.00108 0.00220 0.00179 0.00696 0.00457
0.00020 0.00005 0.00000 0.00000 0.00000 0.00000 0.00000 0.00002 0.00013 0.00000 0.00000 0.00142 0.00294 0.00091 0.00000 0.00002 0.98449 0.00001 0.00978 0.00003
0.00014 0.00315 0.00004 0.04312 0.01556 0.00529 0.00166 0.00015 0.00021 0.00000 0.00001 0.86303 0.06717 0.00002 0.00017 0.00001 0.00008 0.00002 0.00004 0.00013
0.01139 0.08793 0.00963 0.04153 0.01780 0.03836 0.33491 0.02899 0.04471 0.14004 0.02670 0.02322 0.04442 0.01353 0.01401 0.03634 0.02205 0.01436 0.02260 0.02748
0.00023 0.83216 0.09432 0.00377 0.00347 0.05411 0.00013 0.00036 0.00039 0.00016 0.00003 0.00111 0.00230 0.00380 0.00034 0.00143 0.00019 0.00104 0.00055 0.00012
0.02165 0.39302 0.22547 0.06490 0.02934 0.10095 0.00255 0.00887 0.00366 0.00665 0.00385 0.01420 0.03241 0.02082 0.01321 0.01140 0.00541 0.01999 0.00993 0.01169
0.01189 0.00692 0.05000 0.00894 0.01797 0.00570 0.00487 0.01803 0.77933 0.01754 0.00387 0.00539 0.03022 0.00230 0.00175 0.00051 0.01649 0.00506 0.01046 0.00274
0.01135 0.61586 0.02223 0.02080 0.04271 0.01832 0.01261 0.03801 0.04289 0.00491 0.01876 0.02537 0.02082 0.02683 0.02210 0.01357 0.01927 0.00972 0.00653 0.00737
0.01148 0.01722 0.00966 0.00745 0.02325 0.00627 0.01478 0.05101 0.02693 0.50074 0.09904 0.00837 0.00347 0.02303 0.01137 0.10184 0.00746 0.04814 0.01484 0.01366
0.00080 0.00010 0.00003 0.00002 0.00002 0.00001 0.98629 0.00042 0.00019 0.00019 0.00008 0.00010 0.00002 0.00025 0.00024 0.00108 0.00012 0.00007 0.00096 0.00903
0.00345 0.00320 0.00589 0.00890 0.00329 0.01245 0.00220 0.01673 0.00672 0.00198 0.03359 0.04182 0.01330 0.00633 0.08777 0.02203 0.60030 0.04518 0.07676 0.00811
0.00012 0.00000 0.00002 0.00000 0.00000 0.00000 0.00000 0.00000 0.00000 0.00012 0.99937 0.00005 0.00000 0.00005 0.00000 0.00000 0.00001 0.00012 0.00007 0.00005
0.00035 0.02057 0.01623 0.02078 0.00093 0.00047 0.00014 0.00125 0.00019 0.00044 0.00006 0.00075 0.92365 0.01051 0.00008 0.00252 0.00010 0.00006 0.00008 0.00084
0.00018 0.00226 0.00065 0.00151 0.00485 0.00058 0.95794 0.00026 0.00759 0.00026 0.00146 0.00045 0.01890 0.00034 0.00009 0.00026 0.00091 0.00039 0.00059 0.00052
0.03804 0.68659 0.00087 0.02405 0.02196 0.01480 0.00382 0.01158 0.00717 0.00147 0.00130 0.03303 0.01864 0.01634 0.01783 0.01280 0.03282 0.01576 0.03523 0.00590
0.00308 0.36727 0.03887 0.01731 0.50739 0.02022 0.00077 0.00130 0.00040 0.00115 0.00120 0.00324 0.02203 0.00379 0.00331 0.00258 0.00008 0.00045 0.00039 0.00517
0.02722 0.01073 0.00250 0.00434 0.01468 0.00748 0.01989 0.01984 0.04873 0.00710 0.12486 0.00918 0.20132 0.00743 0.00659 0.00762 0.08585 0.01315 0.28463 0.09685
0.01016 0.00045 0.00003 0.00062 0.00004 0.00000 0.00000 0.00392 0.00422 0.00236 0.00015 0.00161 0.00005 0.00012 0.00008 0.00011 0.07209 0.00067 0.90021 0.00313
0.00385 0.00000 0.00000 0.00000 0.00000 0.00000 0.00000 0.00000 0.00000 0.00000 0.00000 0.00000 0.00000 0.00003 0.00000 0.00923 0.00000 0.00008 0.00001 0.98681
0.01905 0.05670 0.17539 0.01103 0.02796 0.01300 0.05736 0.06168 0.03328 0.02896 0.02827 0.01960 0.06586 0.04531 0.04788 0.00622 0.09021 0.07112 0.08115 0.05998
0.01747 0.00237 0.00600 0.00129 0.00489 0.00034 0.00001 0.00640 0.00069 0.00284 0.00324 0.00325 0.00110 0.00529 0.00823 0.00801 0.66784 0.00868 0.06998 0.18207
0.19093 0.01128 0.00089 0.00149 0.00003 0.00087 0.00005 0.01334 0.00025 0.01103 0.00057 0.03996 0.00050 0.01830 0.00770 0.04242 0.04495 0.00769 0.02544 0.58231
0.00017 0.02256 0.00163 0.00233 0.00005 0.96992 0.00003 0.00063 0.00046 0.00003 0.00006 0.00098 0.00031 0.00002 0.00000 0.00001 0.00017 0.00053 0.00005 0.00004
0.02243 0.01825 0.00366 0.00440 0.00300 0.00117 0.00754 0.00599 0.00443 0.59115 0.22874 0.00434 0.00573 0.00921 0.01477 0.00735 0.00936 0.02100 0.00851 0.02896
0.00012 0.00000 0.00000 0.00000 0.00000 0.00000 0.00000 0.00000 0.00000 0.00000 0.00000 0.00000 0.00000 0.00000 0.00000 0.68920 0.00000 0.00002 0.10856 0.20210
0.00008 0.00000 0.00000 0.00000 0.00000 0.00000 0.00000 0.00000 0.00000 0.00000 0.00000 0.00000 0.00000 0.00000 0.00000 0.99986 0.00000 0.00000 0.00000 0.00005
0.00519 0.05984 0.04276 0.03788 0.52844 0.00843 0.00736 0.01056 0.02606 0.00849 0.00842 0.02461 0.12027 0.02485 0.00921 0.00514 0.00410 0.02496 0.00442 0.03901
0.00070 0.07465 0.00343 0.00469 0.00480 0.01100 0.00317 0.06496 0.00153 0.00365 0.00105 0.00088 0.80163 0.01172 0.00246 0.00547 0.00149 0.00147 0.00104 0.00020
0.00000 0.00000 0.00000 0.00000 0.00000 0.00000 0.00000 0.00000 0.00000 0.00000 0.00000 0.99992 0.00000 0.00004 0.00000 0.00000 0.00000 0.00000 0.00002 0.00000
0.00001 0.00000 0.00000 0.00000 0.00000 0.00000 0.00000 0.00000 0.00000 0.00000 0.00000 0.00000 0.00000 0.00004 0.00000 0.00498 0.00001 0.99495 0.00001 0.00001
0.07547 0.02591 0.07763 0.02862 0.02704 0.01733 0.01328 0.08974 0.11091 0.02521 0.02834 0.01653 0.01042 0.04289 0.02638 0.04934 0.06277 0.04132 0.08832 0.14254
0.00505 0.05501 0.19068 0.00974 0.00336 0.62608 0.00037 0.00488 0.00168 0.00409 0.00065 0.01314 0.02969 0.00549 0.00358 0.00855 0.00372 0.02130 0.00324 0.00971
0.00982 0.01510 0.06696 0.04955 0.01660 0.19899 0.04218 0.05669 0.02489 0.00909 0.04657 0.02684 0.34520 0.00650 0.00438 0.00396 0.00486 0.00603 0.02969 0.03608
0.00089 0.00084 0.00010 0.00191 0.00050 0.00017 0.00000 0.00148 0.00001 0.00003 0.00003 0.00599 0.98184 0.00010 0.00135 0.00013 0.00301 0.00008 0.00134 0.00022
0.00546 0.00025 0.00008 0.00091 0.00010 0.00023 0.00000 0.00038 0.00003 0.00010 0.00001 0.94370 0.00430 0.00178 0.00018 0.00112 0.04009 0.00007 0.00077 0.00045
0.08647 0.00560 0.00690 0.05775 0.00425 0.00546 0.00999 0.18854 0.06060 0.00998 0.03957 0.05930 0.05904 0.13855 0.03433 0.00800 0.14248 0.01270 0.04091 0.02957
0.00012 0.98936 0.00083 0.00007 0.00090 0.00006 0.00097 0.00027 0.00108 0.00006 0.00002 0.00227 0.00074 0.00011 0.00008 0.00012 0.00015 0.00001 0.00215 0.00064
0.00012 0.00044 0.00007 0.00037 0.00003 0.00008 0.00017 0.00015 0.00003 0.00067 0.00000 0.94397 0.00012 0.00130 0.00105 0.00008 0.03496 0.00027 0.01514 0.00099
0.00020 0.01005 0.98005 0.00820 0.00002 0.00029 0.00000 0.00011 0.00001 0.00003 0.00002 0.00050 0.00001 0.00035 0.00008 0.00002 0.00003 0.00001 0.00001 0.00002
0.01134 0.09812 0.03580 0.06818 0.32669 0.02558 0.00363 0.02925 0.01862 0.09308 0.00660 0.02841 0.06396 0.08412 0.04700 0.01292 0.01960 0.01067 0.00784 0.00857
0.00003 0.00002 0.00001 0.00332 0.00003 0.00000 0.00002 0.85476 0.00002 0.00000 0.00000 0.01278 0.12826 0.00018 0.00005 0.00005 0.00004 0.00021 0.00019 0.00002
0.00143 0.00000 0.00000 0.00000 0.00000 0.00000 0.00000 0.00011 0.00000 0.00001 0.00000 0.00000 0.00000 0.00004 0.00000 0.00013 0.99214 0.00030 0.00174 0.00408
0.00045 0.00183 0.00072 0.00237 0.00018 0.00011 0.00023 0.00077 0.98511 0.00159 0.00006 0.00182 0.00023 0.00097 0.00016 0.00210 0.00024 0.00046 0.00028 0.00030
0.02355 0.17272 0.07359 0.04612 0.09623 0.05974 0.04024 0.02186 0.03480 0.01955 0.01576 0.05709 0.05280 0.09058 0.06728 0.02263 0.01497 0.03536 0.03386 0.02126
0.34203 0.00001 0.00001 0.00001 0.00012 0.00000 0.00002 0.00034 0.00001 0.00009 0.00011 0.00013 0.00005 0.00002 0.00003 0.00001 0.00038 0.00007 0.00180 0.65476
0.00106 0.00014 0.00003 0.00028 0.00015 0.00017 0.00002 0.00400 0.00005 0.00113 0.98744 0.00066 0.00050 0.00050 0.00093 0.00087 0.00026 0.00078 0.00085 0.00020
0.00000 0.01160 0.98502 0.00020 0.00019 0.00245 0.00000 0.00007 0.00000 0.00000 0.00000 0.00003 0.00025 0.00000 0.00000 0.00000 0.00006 0.00001 0.00010 0.00001
0.15661 0.00130 0.00135 0.00244 0.00330 0.00133 0.00173 0.00053 0.00329 0.01377 0.01856 0.00757 0.00300 0.00070 0.00224 0.06875 0.00175 0.00151 0.00211 0.70816
0.02174 0.43154 0.01145 0.06204 0.02966 0.11201 0.02325 0.05795 0.02512 0.00792 0.01688 0.03475 0.02072 0.02936 0.02606 0.02586 0.01449 0.01801 0.01099 0.02023
0.00754 0.08249 0.02599 0.33383 0.08627 0.02796 0.01051 0.14864 0.02539 0.01706 0.00727 0.00914 0.14060 0.01660 0.00706 0.01143 0.00176 0.00389 0.00656 0.03000
0.00082 0.04376 0.00748 0.03491 0.03243 0.01504 0.00726 0.00691 0.00181 0.00025 0.00068 0.01289 0.07099 0.00730 0.74874 0.00141 0.00085 0.00189 0.00194 0.00265
0.03606 0.02610 0.07916 0.02699 0.04462 0.04518 0.04053 0.05563 0.02628 0.14252 0.07240 0.01621 0.04444 0.03867 0.10512 0.03394 0.05592 0.06211 0.01091 0.03721
0.00184 0.02318 0.86657 0.02869 0.02959 0.00787 0.00799 0.00509 0.00215 0.00107 0.00111 0.00221 0.00849 0.00649 0.00193 0.00220 0.00089 0.00114 0.00102 0.00048
0.06872 0.02536 0.03244 0.03333 0.04978 0.02107 0.04989 0.04131 0.02609 0.17057 0.02826 0.02694 0.06601 0.04003 0.02994 0.16168 0.03644 0.02061 0.02607 0.04546
0.00064 0.00003 0.00012 0.00036 0.00002 0.00000 0.00001 0.93466 0.05681 0.00000 0.00000 0.00017 0.00373 0.00007 0.00003 0.00001 0.00150 0.00000 0.00007 0.00177
0.00329 0.00235 0.00214 0.00889 0.00101 0.00040 0.01020 0.00598 0.00882 0.00950 0.00191 0.00847 0.02252 0.01699 0.00126 0.00130 0.86241 0.00185 0.02004 0.01067
0.00609 0.00064 0.01278 0.00058 0.00106 0.00016 0.00008 0.00203 0.00270 0.92308 0.01311 0.00207 0.00042 0.00336 0.00121 0.00220 0.01900 0.00130 0.00211 0.00600
0.08105 0.15079 0.26380 0.07756 0.11971 0.01638 0.01273 0.10372 0.00749 0.00681 0.00268 0.04038 0.04885 0.02599 0.00981 0.01028 0.00562 0.00681 0.00628 0.00326
0.00024 0.00109 0.97497 0.01419 0.00013 0.00359 0.00010 0.00135 0.00013 0.00005 0.00003 0.00078 0.00075 0.00097 0.00005 0.00073 0.00010 0.00003 0.00058 0.00013
0.00472 0.00353 0.00088 0.00175 0.01588 0.00032 0.01061 0.00673 0.00540 0.00051 0.00303 0.00032 0.01612 0.00125 0.00105 0.00152 0.89420 0.00304 0.00309 0.02604
0.01322 0.00741 0.02510 0.03038 0.00324 0.00310 0.01825 0.45562 0.15481 0.01753 0.00083 0.00224 0.01997 0.20215 0.00460 0.00268 0.01075 0.00247 0.00703 0.01861
0.01053 0.05722 0.04085 0.01285 0.00516 0.60256 0.00818 0.02182 0.03284 0.00991 0.01607 0.04187 0.03192 0.00652 0.01158 0.03191 0.00973 0.01785 0.02357 0.00706
0.01313 0.01516 0.02437 0.05789 0.06313 0.00909 0.08475 0.09927 0.09795 0.21393 0.05308 0.00585 0.06084 0.02452 0.03634 0.04668 0.03108 0.01915 0.03079 0.01300
0.00029 0.00022 0.01011 0.00425 0.00429 0.00026 0.00004 0.96914 0.00409 0.00014 0.00006 0.00191 0.00028 0.00188 0.00070 0.00014 0.00024 0.00107 0.00050 0.00042
0.00019 0.15923 0.00008 0.14972 0.64641 0.00028 0.00154 0.00045 0.00054 0.00000 0.00002 0.00143 0.01037 0.00102 0.00003 0.02572 0.00005 0.00062 0.00078 0.00153
0.01616 0.07331 0.01636 0.04797 0.01912 0.66757 0.00171 0.00762 0.00754 0.00800 0.00591 0.00651 0.04600 0.00856 0.00559 0.01540 0.01706 0.01405 0.00744 0.00810
0.00005 0.06621 0.00005 0.00168 0.00033 0.00001 0.92564 0.00005 0.00004 0.00146 0.00064 0.00011 0.00123 0.00010 0.00052 0.00017 0.00015 0.00029 0.00023 0.00103
0.00004 0.00003 0.00003 0.37735 0.00720 0.00001 0.61100 0.00045 0.00002 0.00000 0.00001 0.00049 0.00256 0.00002 0.00001 0.00002 0.00037 0.00005 0.00027 0.00007
0.00018 0.01002 0.00161 0.02150 0.00037 0.00099 0.01585 0.92100 0.00114 0.00072 0.00019 0.00057 0.01856 0.00469 0.00033 0.00107 0.00054 0.00014 0.00010 0.00042
0.00336 0.03134 0.67013 0.03049 0.02903 0.02153 0.02112 0.03721 0.00158 0.04093 0.00483 0.00308 0.04146 0.03460 0.00686 0.00875 0.00726 0.00192 0.00284 0.00168
0.00010 0.00007 0.00004 0.00039 0.00002 0.00000 0.00001 0.99591 0.00057 0.00007 0.00003 0.00047 0.00023 0.00000 0.00025 0.00060 0.00001 0.00001 0.00119 0.00003
0.91652 0.00000 0.00000 0.00000 0.00000 0.00000 0.00000 0.00000 0.00000 0.00000 0.00000 0.00000 0.00000 0.00106 0.00000 0.08231 0.00000 0.00000 0.00000 0.00012
0.00026 0.00042 0.00033 0.00015 0.00059 0.00008 0.00080 0.99101 0.00017 0.00047 0.00008 0.00072 0.00079 0.00047 0.00004 0.00011 0.00167 0.00029 0.00053 0.00104
0.01507 0.01152 0.00870 0.01812 0.02629 0.02073 0.01680 0.05054 0.13653 0.01345 0.02712 0.00648 0.02922 0.20511 0.10064 0.12108 0.05431 0.07556 0.02840 0.03435
0.00003 0.00000 0.00001 0.00005 0.00001 0.00000 0.00014 0.00001 0.00007 0.99833 0.00077 0.00005 0.00002 0.00002 0.00004 0.00000 0.00000 0.00007 0.00031 0.00006
0.00865 0.02476 0.00199 0.00252 0.02408 0.00881 0.00081 0.00299 0.00156 0.00453 0.00053 0.00726 0.82891 0.04532 0.03080 0.00055 0.00188 0.00025 0.00274 0.00106
0.00002 0.00004 0.00000 0.00216 0.00003 0.00000 0.00001 0.98698 0.00352 0.00010 0.00001 0.00006 0.00643 0.00008 0.00001 0.00008 0.00010 0.00008 0.00027 0.00001
0.00001 0.00000 0.00000 0.00000 0.00000 0.00000 0.00000 0.00001 0.00000 0.00036 0.00000 0.00000 0.00000 0.13279 0.00000 0.00019 0.00019 0.86567 0.00077 0.00000
0.01421 0.00702 0.00157 0.00164 0.00288 0.00072 0.00001 0.00139 0.00127 0.00631 0.00094 0.60551 0.00165 0.01442 0.00174 0.04523 0.06764 0.01743 0.20070 0.00772
0.00217 0.00262 0.00020 0.00005 0.00024 0.00013 0.00000 0.00118 0.00028 0.00025 0.00035 0.00054 0.00260 0.00155 0.00157 0.00103 0.00034 0.97713 0.00553 0.00225
0.01757 0.00682 0.02154 0.03478 0.01689 0.02391 0.40608 0.07474 0.01566 0.04607 0.00872 0.01866 0.07481 0.03812 0.01035 0.06433 0.03865 0.02916 0.01602 0.03713
0.00003 0.00000 0.00001 0.99736 0.00006 0.00135 0.00000 0.00000 0.00000 0.00000 0.00000 0.00114 0.00002 0.00000 0.00001 0.00000 0.00000 0.00000 0.00000 0.00001
0.00001 0.00101 0.00571 0.23483 0.00078 0.00128 0.73824 0.00010 0.00010 0.00003 0.00001 0.01314 0.00154 0.00247 0.00003 0.00005 0.00023 0.00001 0.00040 0.00004
0.00003 0.00000 0.00000 0.00003 0.00006 0.00000 0.00000 0.99667 0.00002 0.00011 0.00001 0.00140 0.00088 0.00002 0.00001 0.00000 0.00053 0.00001 0.00003 0.00020
0.00183 0.00668 0.02022 0.79312 0.01829 0.00840 0.01529 0.02659 0.00411 0.00958 0.00616 0.01106 0.01197 0.00382 0.00746 0.01743 0.00935 0.00145 0.00984 0.01736
0.00007 0.00001 0.00902 0.96452 0.02126 0.00008 0.00021 0.00005 0.00002 0.00000 0.00000 0.00440 0.00007 0.00007 0.00005 0.00000 0.00007 0.00002 0.00004 0.00002
0.00181 0.67465 0.09843 0.00961 0.01213 0.03191 0.00184 0.03397 0.02386 0.00394 0.00053 0.00428 0.02238 0.01114 0.04683 0.00435 0.00468 0.00148 0.00167 0.01049
0.00452 0.00456 0.03799 0.00316 0.00631 0.00448 0.00146 0.00838 0.03350 0.03114 0.76707 0.01414 0.01234 0.00240 0.01054 0.00246 0.01951 0.01616 0.00744 0.01244
0.00037 0.00000 0.00000 0.00000 0.00000 0.00000 0.00000 0.00000 0.00000 0.00000 0.00000 0.00014 0.00000 0.00000 0.97649 0.00000 0.02255 0.00000 0.00043 0.00001
0.05681 0.01405 0.01559 0.03084 0.07214 0.00527 0.24839 0.07636 0.01397 0.22600 0.01038 0.01198 0.08912 0.01930 0.01246 0.00413 0.02517 0.00483 0.01736 0.04585
0.00215 0.00174 0.00010 0.00071 0.00012 0.00002 0.00049 0.14784 0.00108 0.00035 0.00005 0.00402 0.81521 0.00057 0.01329 0.00207 0.00172 0.00340 0.00414 0.00091
0.02693 0.00557 0.03561 0.06679 0.06098 0.04382 0.00288 0.04795 0.01319 0.04714 0.02725 0.08123 0.01410 0.07733 0.01115 0.09989 0.26955 0.03592 0.01454 0.01817
0.00000 0.00000 0.00000 0.00000 0.00000 0.00000 0.00000 0.00000 0.00000 0.00000 0.00000 0.00000 0.00000 0.00000 0.00000 0.00000 0.00000 0.00000 1.00000 0.00000
0.00428 0.00375 0.00275 0.00248 0.00317 0.00235 0.00266 0.00807 0.01552 0.39015 0.50001 0.00424 0.00879 0.00385 0.00394 0.00329 0.01136 0.00643 0.00667 0.01624
0.00283 0.95634 0.01189 0.00211 0.00132 0.00009 0.00000 0.00059 0.00011 0.00111 0.00001 0.00092 0.00117 0.00178 0.00011 0.00008 0.00059 0.00096 0.00507 0.01292
0.03809 0.03976 0.05224 0.07109 0.09424 0.02502 0.04403 0.07217 0.10814 0.05943 0.02936 0.00970 0.08088 0.06577 0.02072 0.06284 0.04502 0.01817 0.02139 0.04195
0.00397 0.00421 0.00197 0.00288 0.00012 0.00020 0.00039 0.01055 0.00250 0.00070 0.87422 0.00210 0.00136 0.00204 0.00415 0.00803 0.00230 0.03717 0.01209 0.02904
0.02990 0.00145 0.00001 0.00013 0.00001 0.00004 0.00001 0.00264 0.00014 0.00040 0.00066 0.00267 0.00014 0.00034 0.00309 0.74788 0.00960 0.00345 0.00554 0.19192
0.00004 0.99241 0.00230 0.00310 0.00027 0.00010 0.00003 0.00007 0.00024 0.00000 0.00000 0.00081 0.00010 0.00040 0.00001 0.00000 0.00000 0.00001 0.00001 0.00010
0.00095 0.00257 0.05711 0.00080 0.91958 0.00028 0.00068 0.00083 0.00018 0.00035 0.00007 0.00096 0.00053 0.01342 0.00065 0.00001 0.00074 0.00015 0.00004 0.00012
0.00568 0.00308 0.02696 0.00437 0.01520 0.86383 0.00023 0.00201 0.00618 0.02766 0.00168 0.00899 0.00979 0.00475 0.00257 0.00280 0.00138 0.00178 0.00932 0.00172
0.00000 0.00000 0.00000 0.00000 0.00000 0.00000 0.00000 0.00000 0.00000 0.00000 0.00000 0.00000 0.00000 0.00000 0.00000 1.00000 0.00000 0.00000 0.00000 0.00000
0.03398 0.05592 0.06740 0.05007 0.06790 0.05304 0.06334 0.04707 0.04858 0.04479 0.06073 0.02407 0.05590 0.04804 0.04682 0.05660 0.04624 0.04976 0.03420 0.04554
0.00086 0.00812 0.00060 0.00354 0.00008 0.00185 0.00002 0.00603 0.95270 0.00086 0.00622 0.00720 0.00202 0.00079 0.00037 0.00058 0.00067 0.00295 0.00243 0.00213
0.00563 0.00599 0.00164 0.00332 0.00116 0.00129 0.00094 0.00744 0.00170 0.00110 0.00136 0.00170 0.00993 0.00379 0.94359 0.00149 0.00128 0.00427 0.00164 0.00074
0.00411 0.04042 0.00861 0.05553 0.00200 0.66320 0.00424 0.03587 0.03067 0.00477 0.00536 0.00355 0.01455 0.06607 0.00313 0.00885 0.03669 0.00650 0.00259 0.00328
0.00659 0.02871 0.03638 0.07373 0.00809 0.01393 0.00820 0.00821 0.01089 0.04119 0.00142 0.14581 0.56484 0.02101 0.00673 0.00086 0.01298 0.00290 0.00292 0.00458
0.00469 0.00031 0.00173 0.00204 0.00022 0.01161 0.00002 0.00541 0.00022 0.00093 0.00032 0.86769 0.00456 0.00161 0.01291 0.00199 0.01430 0.01987 0.04503 0.00456
0.00000 0.00000 0.00000 0.00000 0.00000 0.00000 0.00000 0.00000 0.00000 0.00000 0.00000 0.00000 0.00000 0.00000 0.00000 0.00000 0.09661 0.00000 0.53817 0.36522
0.00020 0.00002 0.00000 0.00001 0.00000 0.00000 0.00000 0.00004 0.00000 0.00000 0.00001 0.00015 0.00000 0.00025 0.00001 0.00020 0.00025 0.99788 0.00070 0.00028
0.00295 0.01886 0.00250 0.00402 0.01256 0.00219 0.83643 0.01177 0.00154 0.00178 0.00137 0.00227 0.00797 0.00455 0.00178 0.06002 0.01064 0.00419 0.00443 0.00818
0.00341 0.00018 0.00061 0.00564 0.00127 0.00026 0.00016 0.00453 0.00042 0.82104 0.12728 0.00653 0.00401 0.00696 0.00011 0.00063 0.00534 0.00339 0.00194 0.00628
0.01991 0.00912 0.02928 0.00888 0.00693 0.00289 0.00040 0.05401 0.81361 0.00044 0.00108 0.00561 0.00340 0.02294 0.00088 0.00073 0.00321 0.00388 0.00517 0.00761
0.49722 0.01279 0.00541 0.00227 0.00301 0.00325 0.00343 0.00219 0.00426 0.00200 0.00106 0.00388 0.00640 0.30999 0.01102 0.09213 0.02112 0.00683 0.00077 0.01099
0.02635 0.06962 0.04686 0.03781 0.08795 0.10653 0.19697 0.03228 0.03095 0.00733 0.02978 0.01241 0.07828 0.01673 0.05944 0.07823 0.03030 0.01630 0.01979 0.01607
0.00000 0.00000 0.00000 0.00000 0.00000 0.00000 0.00000 0.00006 0.00000 0.00000 0.00000 0.00001 0.00000 0.00000 0.96634 0.00000 0.00000 0.00019 0.03339 0.00000
0.01543 0.00996 0.00060 0.00378 0.00865 0.00425 0.00449 0.01017 0.00248 0.76684 0.02137 0.00259 0.02898 0.02388 0.00515 0.00796 0.00626 0.02293 0.02917 0.02505
0.01693 0.07957 0.02125 0.01722 0.01826 0.04079 0.00398 0.02372 0.02190 0.00795 0.00244 0.01791 0.58311 0.07041 0.01090 0.00872 0.01021 0.02255 0.01407 0.00808
0.00033 0.00108 0.00019 0.00291 0.00015 0.00061 0.00008 0.00051 0.00002 0.00005 0.00006 0.98997 0.00089 0.00071 0.00029 0.00061 0.00007 0.00013 0.00008 0.00125
0.00177 0.00010 0.00008 0.00010 0.00000 0.00000 0.00000 0.00260 0.96704 0.00002 0.00001 0.00018 0.00022 0.01325 0.00027 0.00008 0.00427 0.00650 0.00275 0.00075
0.00223 0.00037 0.00231 0.00051 0.00067 0.00225 0.00744 0.00181 0.00116 0.00892 0.94525 0.00830 0.00490 0.00202 0.00190 0.00048 0.00482 0.00258 0.00062 0.00145
0.00000 0.00038 0.49154 0.00001 0.00000 0.00270 0.50317 0.00000 0.00000 0.00000 0.00000 0.00000 0.00217 0.00001 0.00000 0.00001 0.00000 0.00000 0.00000 0.00000
0.00213 0.00497 0.01682 0.00652 0.02067 0.04472 0.00927 0.01691 0.05134 0.01494 0.00488 0.01502 0.02714 0.05794 0.01190 0.02076 0.02379 0.63179 0.01092 0.00755
0.00000 0.00004 0.00000 0.00011 0.00000 0.99981 0.00000 0.00000 0.00000 0.00000 0.00000 0.00002 0.00000 0.00000 0.00000 0.00000 0.00000 0.00000 0.00000 0.00000
0.00598 0.39473 0.01926 0.16157 0.00884 0.02222 0.03268 0.00555 0.00880 0.00433 0.00211 0.09052 0.11714 0.04018 0.00547 0.03444 0.00694 0.00422 0.01653 0.01851
0.00016 0.02118 0.00378 0.93882 0.00364 0.00317 0.00029 0.00330 0.00148 0.00002 0.00003 0.00034 0.00959 0.01241 0.00002 0.00038 0.00007 0.00018 0.00007 0.00106
0.00421 0.00254 0.02180 0.00167 0.00605 0.86780 0.00028 0.04443 0.00581 0.00338 0.00257 0.00182 0.00116 0.00363 0.00299 0.00456 0.00132 0.01330 0.00294 0.00774
0.02543 0.00755 0.00984 0.00673 0.00835 0.00182 0.00018 0.02518 0.01840 0.36977 0.02846 0.00917 0.05692 0.01610 0.02552 0.03691 0.17344 0.00562 0.13483 0.03980
0.02650 0.04234 0.02726 0.20492 0.05300 0.06000 0.00107 0.08679 0.03329 0.06433 0.06848 0.04464 0.09682 0.02599 0.02916 0.02441 0.02506 0.06521 0.01209 0.00865
0.07245 0.00729 0.02240 0.00640 0.03376 0.00449 0.00960 0.08306 0.05144 0.03516 0.03252 0.01130 0.01381 0.04486 0.01580 0.09460 0.05841 0.02940 0.21398 0.15927
0.00598 0.01039 0.00130 0.00888 0.00585 0.00435 0.00007 0.03589 0.00046 0.00167 0.00155 0.00523 0.85471 0.02859 0.00606 0.00494 0.00813 0.00206 0.00322 0.01066
0.05316 0.03161 0.02199 0.01094 0.03272 0.00617 0.02097 0.06237 0.11525 0.10588 0.06043 0.01763 0.01954 0.02844 0.03013 0.03637 0.04264 0.07660 0.06891 0.15823
0.00002 0.00000 0.00001 0.00008 0.00005 0.00000 0.00001 0.99702 0.00006 0.00023 0.00000 0.00036 0.00025 0.00009 0.00000 0.00000 0.00166 0.00002 0.00003 0.00010
0.01338 0.04692 0.00327 0.01220 0.01804 0.00610 0.04867 0.02173 0.01782 0.01292 0.00298 0.00955 0.08115 0.01420 0.00886 0.02582 0.55032 0.00781 0.02653 0.07173
0.00000 0.00000 0.00000 0.00000 0.00000 0.00000 0.00000 0.00000 0.00000 0.00000 0.00000 0.00000 0.00000 0.00000 0.00000 0.00000 0.00000 0.99319 0.00665 0.00016
0.00496 0.66651 0.00241 0.14664 0.00406 0.00773 0.02124 0.01387 0.00804 0.00612 0.00566 0.00608 0.03816 0.01134 0.00803 0.01220 0.01003 0.00822 0.01075 0.00796
0.02939 0.08220 0.24358 0.13390 0.01907 0.01038 0.08949 0.01514 0.01942 0.02842 0.00945 0.01003 0.05082 0.06566 0.01705 0.02559 0.02535 0.05646 0.01531 0.05330
0.00578 0.90771 0.00733 0.00056 0.00602 0.00409 0.00073 0.00241 0.00080 0.00174 0.00014 0.01693 0.01836 0.00961 0.00810 0.00064 0.00014 0.00118 0.00074 0.00701
0.01147 0.00196 0.00084 0.00053 0.00211 0.00086 0.00447 0.00157 0.00396 0.63238 0.04008 0.00603 0.00065 0.01320 0.00300 0.02021 0.01079 0.21312 0.00975 0.02302
0.00000 0.00000 0.00000 0.00000 0.00000 1.00000 0.00000 0.00000 0.00000 0.00000 0.00000 0.00000 0.00000 0.00000 0.00000 0.00000 0.00000 0.00000 0.00000 0.00000
0.01226 0.02807 0.02716 0.02509 0.02490 0.02217 0.34345 0.02146 0.04103 0.10890 0.02620 0.01392 0.09445 0.04150 0.03912 0.05389 0.02043 0.02122 0.01440 0.02037
0.00000 0.00000 0.00000 0.00000 0.00000 0.00000 0.00000 0.00000 0.00000 0.00000 0.00000 1.00000 0.00000 0.00000 0.00000 0.00000 0.00000 0.00000 0.00000 0.00000
0.00000 0.00000 0.00000 0.00000 0.00000 0.00000 0.00000 0.00000 0.00000 0.11482 0.88514 0.00000 0.00000 0.00000 0.00000 0.00000 0.00002 0.00000 0.00000 0.00000
0.00538 0.01056 0.01954 0.01803 0.02640 0.03011 0.01920 0.00717 0.69157 0.06338 0.00754 0.00940 0.01008 0.00481 0.03339 0.00657 0.01177 0.00493 0.01237 0.00781
0.02277 0.03175 0.05906 0.03028 0.04564 0.06109 0.08634 0.04712 0.04823 0.15029 0.14847 0.01500 0.06950 0.03104 0.01942 0.02703 0.03022 0.02133 0.01851 0.03691
0.00000 0.00000 0.00000 0.00000 0.00000 0.00000 0.00000 0.00000 0.00000 0.00000 0.00000 0.00000 0.00000 0.00000 0.00000 0.00000 0.00000 0.99999 0.00000 0.00000
0.00299 0.00073 0.00030 0.00942 0.00051 0.00657 0.00087 0.00073 0.00801 0.00662 0.94082 0.00246 0.00216 0.00080 0.00066 0.00091 0.00118 0.00230 0.01165 0.00029
0.00002 0.00643 0.05056 0.90082 0.03101 0.00081 0.00068 0.00019 0.00001 0.00003 0.00001 0.00144 0.00751 0.00026 0.00005 0.00004 0.00004 0.00000 0.00005 0.00002
0.04065 0.02426 0.06859 0.03539 0.05218 0.05349 0.08049 0.06860 0.04749 0.05477 0.04597 0.02717 0.07120 0.04646 0.04878 0.05171 0.04896 0.02972 0.05711 0.04699
0.00352 0.00679 0.00188 0.00243 0.00052 0.00019 0.00040 0.00103 0.00026 0.00135 0.00018 0.89421 0.00407 0.05729 0.00906 0.00109 0.00213 0.00261 0.00467 0.00633
0.00001 0.00045 0.98717 0.00853 0.00012 0.00278 0.00000 0.00044 0.00036 0.00000 0.00001 0.00009 0.00001 0.00000 0.00000 0.00000 0.00000 0.00000 0.00000 0.00000
0.00005 0.00469 0.01403 0.76946 0.13396 0.00072 0.00063 0.00079 0.00077 0.00003 0.00008 0.00192 0.07133 0.00076 0.00018 0.00009 0.00013 0.00001 0.00006 0.00030
0.01732 0.01326 0.01320 0.01170 0.01964 0.00177 0.00211 0.02896 0.00413 0.02057 0.00112 0.00611 0.03966 0.06801 0.72926 0.00259 0.00412 0.00335 0.00969 0.00344
0.00126 0.00584 0.00001 0.00027 0.00000 0.00042 0.00000 0.00004 0.00001 0.00015 0.00000 0.96374 0.01687 0.00091 0.00075 0.00624 0.00012 0.00013 0.00222 0.00103
0.08931 0.00350 0.00014 0.00049 0.00024 0.00022 0.00000 0.00111 0.00013 0.00053 0.00011 0.00364 0.00070 0.00035 0.00080 0.73965 0.00062 0.04247 0.00425 0.11174
0.00000 0.00000 0.00000 0.00000 0.00000 0.00000 0.00000 0.00000 0.00000 0.00000 0.00000 0.00000 0.00000 0.00000 0.99999 0.00000 0.00000 0.00000 0.00000 0.00000
0.00025 0.00110 0.00119 0.00239 0.00019 0.00091 0.00288 0.00012 0.00032 0.02708 0.96026 0.00150 0.00039 0.00018 0.00012 0.00074 0.00017 0.00003 0.00007 0.00011
0.00149 0.00070 0.00002 0.00004 0.00001 0.00002 0.00008 0.00004 0.00020 0.00000 0.00002 0.00006 0.00005 0.00009 0.00002 0.99255 0.00064 0.00006 0.00011 0.00380
0.00115 0.00000 0.00000 0.00000 0.00000 0.00000 0.00000 0.00005 0.00000 0.00012 0.00001 0.00001 0.00000 0.00011 0.00000 0.00089 0.98696 0.00066 0.00883 0.00120
0.00128 0.00010 0.00007 0.00149 0.00008 0.00030 0.00001 0.00199 0.00023 0.00024 0.00012 0.00561 0.00011 0.00257 0.00015 0.00016 0.00026 0.00009 0.00125 0.98390
0.04934 0.04301 0.05706 0.04166 0.05918 0.04793 0.07051 0.03549 0.20566 0.01393 0.00853 0.11255 0.02087 0.05933 0.03589 0.02879 0.03773 0.01462 0.01211 0.04582
0.12627 0.00062 0.00194 0.00013 0.00076 0.00012 0.00056 0.00569 0.01509 0.33004 0.25378 0.01038 0.00392 0.00251 0.00137 0.21221 0.02042 0.00226 0.00299 0.00894
0.00096 0.00044 0.00034 0.00491 0.00017 0.00071 0.00057 0.17206 0.00508 0.01925 0.00463 0.00065 0.01789 0.00035 0.00091 0.00701 0.01930 0.73360 0.00268 0.00849
0.02221 0.04694 0.05754 0.04582 0.07932 0.16821 0.07344 0.04410 0.04173 0.07179 0.02847 0.02135 0.03402 0.05738 0.04561 0.03743 0.04231 0.02179 0.02403 0.03652
0.00109 0.00030 0.00007 0.00026 0.98085 0.00059 0.00000 0.00280 0.00000 0.00002 0.00013 0.00534 0.00530 0.00080 0.00009 0.00051 0.00009 0.00005 0.00037 0.00132
0.02780 0.02531 0.00394 0.01228 0.00529 0.00451 0.00265 0.07027 0.02274 0.00788 0.02048 0.01353 0.00979 0.01079 0.05695 0.07101 0.09915 0.04403 0.47729 0.01434
0.00019 0.00000 0.00000 0.00003 0.00000 0.00000 0.00000 0.00006 0.00001 0.00000 0.00000 0.00237 0.00000 0.00014 0.00000 0.00000 0.06006 0.00016 0.93695 0.00002
0.00882 0.00262 0.00769 0.02871 0.04324 0.00139 0.00148 0.01707 0.77851 0.01985 0.02321 0.00286 0.03193 0.00303 0.00167 0.00163 0.00235 0.00103 0.01009 0.01283
0.00924 0.02133 0.06214 0.05574 0.02863 0.01679 0.00228 0.13250 0.00611 0.02325 0.03151 0.00297 0.46791 0.01488 0.00919 0.01074 0.02830 0.01579 0.03973 0.02096
0.00164 0.00139 0.00458 0.03619 0.00097 0.00172 0.79289 0.00620 0.03831 0.00137 0.00138 0.04391 0.01095 0.01420 0.00301 0.00046 0.00252 0.00194 0.03178 0.00457
0.18128 0.00000 0.00000 0.00000 0.00000 0.00000 0.00000 0.00000 0.00000 0.00000 0.00000 0.00000 0.00000 0.00001 0.00000 0.41311 0.00000 0.00000 0.00000 0.40560
0.03039 0.04410 0.06775 0.08075 0.06767 0.05530 0.09693 0.06296 0.06602 0.04360 0.05785 0.01189 0.03953 0.04429 0.04073 0.04349 0.03229 0.03120 0.03716 0.04609
0.00001 0.00000 0.00004 0.77517 0.02306 0.00000 0.00000 0.00225 0.00002 0.00000 0.00000 0.00001 0.19943 0.00000 0.00000 0.00000 0.00000 0.00000 0.00001 0.00000
0.00811 0.05605 0.02081 0.02013 0.01974 0.03912 0.49480 0.02181 0.05634 0.02123 0.01394 0.01834 0.03626 0.04567 0.02477 0.04076 0.01401 0.01522 0.01090 0.02200
0.02747 0.00998 0.01188 0.00944 0.01633 0.01045 0.00371 0.02161 0.02057 0.71931 0.02946 0.01036 0.00881 0.02989 0.00330 0.01866 0.01439 0.01669 0.00722 0.01047
0.01551 0.01004 0.03084 0.21551 0.14352 0.00231 0.00756 0.05769 0.00588 0.00206 0.00050 0.00522 0.46383 0.01279 0.01117 0.00319 0.00249 0.00147 0.00447 0.00395
0.03837 0.00026 0.00001 0.00004 0.00001 0.00007 0.00000 0.00010 0.00004 0.00010 0.00001 0.00074 0.00067 0.93595 0.00040 0.00689 0.00061 0.00337 0.00331 0.00905
0.00001 0.00000 0.00000 0.00000 0.00000 0.00000 0.00000 0.00000 0.00000 0.00001 0.99994 0.00002 0.00000 0.00000 0.00000 0.00000 0.00000 0.00001 0.00001 0.00000
0.00168 0.73811 0.00424 0.01290 0.00488 0.08601 0.00366 0.01210 0.00721 0.00120 0.00410 0.02258 0.02636 0.02258 0.00989 0.00666 0.00594 0.00278 0.00822 0.01892
0.02587 0.05885 0.06928 0.15972 0.03896 0.06743 0.19822 0.04273 0.02343 0.03165 0.02679 0.01409 0.09615 0.04733 0.01519 0.02016 0.02508 0.00927 0.01642 0.01338
0.00232 0.00002 0.00000 0.00005 0.00000 0.00000 0.00000 0.00117 0.00001 0.00001 0.00000 0.00006 0.00001 0.00012 0.00004 0.00002 0.00016 0.00114 0.99435 0.00051
0.00318 0.00000 0.00000 0.00000 0.00000 0.00000 0.00000 0.00027 0.00001 0.00002 0.00000 0.00055 0.00000 0.00000 0.00013 0.00000 0.97045 0.00084 0.02455 0.00000
0.00024 0.00252 0.00039 0.00008 0.00004 0.00028 0.00009 0.00020 0.00004 0.00050 0.00007 0.00031 0.00303 0.00027 0.99125 0.00001 0.00038 0.00010 0.00013 0.00005
0.00005 0.00006 0.00004 0.00037 0.00006 0.00004 0.00035 0.00192 0.00003 0.00004 0.99191 0.00004 0.00021 0.00006 0.00001 0.00012 0.00061 0.00048 0.00326 0.00035
0.84055 0.00494 0.00134 0.00605 0.00111 0.00339 0.00005 0.03671 0.02546 0.00466 0.00505 0.00295 0.00403 0.00833 0.00434 0.00278 0.03142 0.00419 0.00284 0.00979
0.00231 0.00198 0.00272 0.03107 0.00825 0.00360 0.08067 0.79793 0.00655 0.00089 0.00183 0.02110 0.01797 0.00456 0.00527 0.00053 0.00237 0.00105 0.00335 0.00601
0.02114 0.02760 0.02651 0.02106 0.00784 0.01227 0.01887 0.02369 0.12916 0.04717 0.02968 0.02578 0.03479 0.01459 0.01272 0.01473 0.03367 0.31577 0.10137 0.08158
0.02405 0.02459 0.00430 0.00630 0.00787 0.00107 0.00216 0.01855 0.00523 0.01245 0.00255 0.01403 0.03460 0.05993 0.02489 0.71051 0.00331 0.00404 0.01160 0.02798
0.00000 0.00001 0.00000 0.00063 0.00062 0.00001 0.00000 0.00020 0.00023 0.00000 0.00000 0.00009 0.99818 0.00000 0.00000 0.00000 0.00001 0.00000 0.00000 0.00000
0.00245 0.00061 0.00001 0.00017 0.00020 0.00009 0.00001 0.00056 0.97574 0.00004 0.00002 0.01449 0.00031 0.00088 0.00022 0.00011 0.00140 0.00027 0.00226 0.00018
0.00167 0.01142 0.00094 0.00362 0.00119 0.00115 0.00123 0.88418 0.00108 0.00653 0.00107 0.00194 0.07214 0.00263 0.00261 0.00217 0.00161 0.00142 0.00027 0.00114
0.50695 0.00034 0.00000 0.00000 0.00000 0.00000 0.00000 0.00000 0.00000 0.00000 0.00000 0.00092 0.00014 0.00099 0.00007 0.03236 0.00025 0.00001 0.00116 0.45679
0.02121 0.02095 0.04877 0.01162 0.03733 0.01272 0.14974 0.03619 0.03553 0.01811 0.03882 0.02609 0.30458 0.02925 0.05202 0.03427 0.02278 0.03392 0.03802 0.02806
0.02984 0.04477 0.06780 0.05258 0.13257 0.04368 0.03962 0.04992 0.05737 0.04913 0.04041 0.02189 0.10173 0.05580 0.03796 0.07081 0.02161 0.03721 0.01608 0.02923
0.00403 0.00664 0.00263 0.01422 0.00326 0.00153 0.00006 0.00930 0.00757 0.00187 0.00028 0.00605 0.00393 0.91867 0.00447 0.00093 0.00212 0.00187 0.00420 0.00638
0.00824 0.00629 0.01287 0.05308 0.70732 0.00150 0.14109 0.01156 0.00777 0.00367 0.00356 0.00350 0.01583 0.00316 0.00413 0.00921 0.00263 0.00231 0.00067 0.00162
0.00731 0.00761 0.01999 0.09810 0.00419 0.00455 0.00582 0.02221 0.05537 0.00781 0.00321 0.00839 0.01022 0.69483 0.01162 0.00200 0.01059 0.00661 0.00630 0.01324
0.01447 0.09242 0.01930 0.12574 0.01613 0.06240 0.03651 0.01672 0.00312 0.00822 0.00502 0.01872 0.12530 0.01133 0.41447 0.01473 0.01108 0.00187 0.00124 0.00119
0.97476 0.00004 0.00001 0.00027 0.00000 0.00007 0.00000 0.00009 0.00009 0.00003 0.00000 0.00064 0.00034 0.00231 0.00044 0.00009 0.00296 0.00540 0.00512 0.00733
0.31487 0.00077 0.00004 0.00019 0.00002 0.00001 0.00001 0.00690 0.00004 0.00011 0.00002 0.00013 0.00560 0.01065 0.02418 0.00219 0.47018 0.06750 0.00839 0.08821
0.06870 0.00345 0.00386 0.00450 0.00215 0.03400 0.00258 0.00430 0.00499 0.00439 0.00189 0.02039 0.00450 0.03215 0.01238 0.06062 0.03430 0.00885 0.01933 0.67265
0.00190 0.00000 0.00015 0.00044 0.00001 0.00001 0.00002 0.00012 0.00010 0.00024 0.00012 0.01968 0.00002 0.00023 0.00001 0.00048 0.97349 0.00008 0.00192 0.00097
0.01383 0.00394 0.00265 0.02722 0.00629 0.00310 0.01590 0.00766 0.02487 0.01485 0.00697 0.05434 0.01573 0.00690 0.00546 0.00825 0.69801 0.00878 0.06292 0.01230
0.00024 0.00563 0.00041 0.00014 0.00386 0.00226 0.98246 0.00016 0.00084 0.00017 0.00005 0.00026 0.00022 0.00079 0.00013 0.00031 0.00037 0.00017 0.00141 0.00009
0.00220 0.00226 0.00117 0.00009 0.00379 0.00003 0.00003 0.01372 0.03759 0.00014 0.00008 0.00122 0.00430 0.79465 0.00405 0.00046 0.00064 0.00167 0.00882 0.12308
0.00000 0.00000 0.00000 0.00000 0.00000 0.00000 0.00000 0.00000 0.00000 0.00000 0.00000 0.00008 0.00000 0.00000 0.00000 0.00006 0.00000 0.99968 0.00018 0.00000
0.00865 0.00051 0.00108 0.00267 0.00070 0.00003 0.00085 0.00396 0.00317 0.17716 0.76923 0.00140 0.00064 0.00320 0.00046 0.01288 0.00391 0.00412 0.00266 0.00270
0.00001 0.00001 0.00001 0.00001 0.00000 0.00000 0.00000 0.00206 0.00001 0.00000 0.00000 0.00040 0.00041 0.00028 0.00001 0.00000 0.00002 0.00024 0.99637 0.00015
0.02276 0.19259 0.06035 0.13566 0.14128 0.07375 0.01554 0.03610 0.02522 0.02235 0.01133 0.02850 0.07746 0.01765 0.07041 0.02063 0.01325 0.01649 0.01415 0.00455
0.00905 0.06670 0.00872 0.03777 0.06062 0.02508 0.00675 0.03373 0.01061 0.03109 0.57452 0.01567 0.06004 0.00816 0.01900 0.00852 0.00757 0.00430 0.00529 0.00681
0.00000 0.00000 0.00000 0.00000 0.00000 0.00000 0.00000 0.00000 0.00000 0.00000 0.00000 0.00000 0.00000 0.00000 0.00000 0.00000 0.00000 1.00000 0.00000 0.00000
0.03704 0.05283 0.03552 0.06070 0.01819 0.03664 0.34436 0.01084 0.01015 0.03032 0.00647 0.00610 0.05634 0.03244 0.00973 0.17382 0.02293 0.01530 0.01317 0.02709
0.65432 0.00230 0.01092 0.00959 0.00699 0.00504 0.00684 0.00807 0.00301 0.00712 0.00786 0.00871 0.01786 0.01491 0.00981 0.00150 0.01055 0.00522 0.00740 0.20198
0.00079 0.00029 0.00001 0.12795 0.00269 0.00125 0.00001 0.75332 0.08855 0.00032 0.00018 0.00704 0.00748 0.00028 0.00014 0.00144 0.00576 0.00009 0.00071 0.00171
0.00489 0.00001 0.00000 0.00000 0.00000 0.00000 0.00000 0.00000 0.00000 0.00000 0.00000 0.87935 0.00003 0.00043 0.00006 0.00002 0.00026 0.00016 0.11466 0.00011
0.00000 0.00000 0.00000 0.99998 0.00000 0.00000 0.00000 0.00000 0.00000 0.00000 0.00000 0.00000 0.00001 0.00000 0.00000 0.00000 0.00000 0.00000 0.00000 0.00000
0.01221 0.01369 0.00856 0.00679 0.01138 0.00133 0.00188 0.02708 0.00214 0.67654 0.15662 0.00865 0.01709 0.02316 0.00490 0.00287 0.01588 0.00335 0.00272 0.00317
0.01641 0.12401 0.07397 0.20891 0.01829 0.11256 0.03217 0.06400 0.01216 0.03486 0.01125 0.01537 0.09756 0.07502 0.01034 0.04110 0.01323 0.00568 0.01445 0.01866
0.01115 0.05354 0.14345 0.21045 0.04978 0.00284 0.01618 0.17889 0.01372 0.07329 0.00971 0.00245 0.06482 0.06873 0.01887 0.01506 0.02391 0.00406 0.01813 0.02099
