0.00696 0.00228 0.05395 0.19251 0.03497 0.00006 0.51178 0.09065 0.02151 0.00764 0.00263 0.00707 0.00916 0.00232 0.00328 0.01694 0.00431 0.01159 0.01761 0.00278
0.02313 0.00564 0.02361 0.00926 0.00068 0.00093 0.00541 0.78149 0.05744 0.00067 0.00209 0.00230 0.00159 0.00210 0.00060 0.00973 0.01331 0.02161 0.02072 0.01770
0.01927 0.03902 0.01819 0.02322 0.01296 0.56473 0.00648 0.02277 0.02098 0.00304 0.00787 0.02396 0.06557 0.01125 0.02264 0.01240 0.01051 0.02695 0.04973 0.03842
0.00240 0.00017 0.00141 0.00063 0.00043 0.00031 0.01951 0.00073 0.00362 0.88487 0.06839 0.00161 0.00043 0.00071 0.00066 0.00147 0.00323 0.00311 0.00153 0.00476
0.07409 0.02382 0.00454 0.00497 0.00898 0.05030 0.01266 0.01395 0.00384 0.01582 0.00752 0.01164 0.00804 0.00962 0.01962 0.01662 0.02043 0.01368 0.00412 0.67575
0.01171 0.01410 0.00817 0.00697 0.00578 0.02330 0.01619 0.00674 0.00925 0.01641 0.01432 0.03003 0.00623 0.00949 0.00990 0.03322 0.59237 0.01319 0.15511 0.01753
0.00828 0.19172 0.04597 0.07218 0.06653 0.11626 0.07893 0.03841 0.04725 0.05154 0.02419 0.01079 0.07603 0.06170 0.02186 0.03205 0.01685 0.01425 0.01132 0.01390
0.00035 0.00000 0.00001 0.00001 0.00001 0.00000 0.00000 0.00035 0.00000 0.00009 0.00000 0.00168 0.00002 0.00003 0.00004 0.00009 0.96479 0.00013 0.03176 0.00063
0.03653 0.03662 0.07298 0.05165 0.06287 0.36611 0.00301 0.02421 0.05651 0.00479 0.02284 0.02274 0.07453 0.01356 0.04326 0.01292 0.01313 0.03254 0.03788 0.01134
0.00000 0.00000 0.00014 0.00000 0.00000 0.00000 0.00000 0.00000 0.00000 0.01144 0.98837 0.00003 0.00000 0.00000 0.00000 0.00000 0.00000 0.00000 0.00000 0.00001
0.00000 0.00000 0.00000 0.00000 0.00000 0.00000 0.00000 0.00000 0.00000 0.00000 0.00000 0.00000 0.00000 0.00000 0.00000 0.00000 0.00000 1.00000 0.00000 0.00000
0.00000 0.00000 0.00000 0.00000 0.00000 0.00000 0.00000 0.00000 0.00000 0.00000 0.00000 0.99901 0.00010 0.00000 0.00000 0.00000 0.00000 0.00000 0.00088 0.00000
0.00335 0.00012 0.00002 0.00183 0.00007 0.00012 0.00000 0.00015 0.00001 0.98032 0.00073 0.00866 0.00048 0.00030 0.00091 0.00004 0.00010 0.00178 0.00096 0.00006
0.87517 0.00008 0.00002 0.00002 0.00052 0.00002 0.00000 0.00016 0.00010 0.00011 0.00018 0.04504 0.00092 0.00043 0.00113 0.00056 0.01960 0.00531 0.04219 0.00844
0.00902 0.04106 0.01760 0.01877 0.01469 0.01767 0.00564 0.00974 0.66141 0.01801 0.00839 0.01248 0.05219 0.02631 0.02979 0.00657 0.01927 0.00451 0.00981 0.01707
0.01235 0.01962 0.06613 0.01692 0.02634 0.00492 0.01739 0.09045 0.50458 0.00372 0.01315 0.00637 0.07830 0.00643 0.01610 0.01134 0.02145 0.00386 0.01458 0.06600
0.01180 0.09571 0.08502 0.02196 0.06238 0.07133 0.04684 0.03398 0.05677 0.03583 0.08444 0.02786 0.11885 0.04364 0.04625 0.01255 0.02354 0.04775 0.02645 0.04705
0.00001 0.00000 0.00000 0.00003 0.00000 0.00000 0.00000 0.00003 0.00000 0.00000 0.00000 0.00001 0.00003 0.99723 0.00000 0.00000 0.00000 0.00000 0.00264 0.00000
0.00825 0.00131 0.00083 0.00285 0.00043 0.00038 0.00095 0.00639 0.00891 0.00409 0.00090 0.00770 0.03567 0.00214 0.89798 0.00042 0.01336 0.00351 0.00244 0.00146
0.00701 0.01298 0.00005 0.00014 0.00006 0.00146 0.00001 0.00527 0.00126 0.00035 0.00146 0.00094 0.00042 0.00273 0.93765 0.00116 0.00299 0.00376 0.01860 0.00169
0.02104 0.00273 0.00123 0.00064 0.00114 0.00040 0.00001 0.00253 0.00060 0.00219 0.00061 0.00230 0.00357 0.00028 0.00056 0.89902 0.00063 0.00375 0.01507 0.04168
0.01463 0.19268 0.03999 0.18124 0.06203 0.02653 0.02154 0.01757 0.01383 0.02702 0.01591 0.01778 0.26196 0.03907 0.00433 0.02616 0.00962 0.00623 0.00980 0.01207
0.00147 0.00118 0.00132 0.02065 0.00376 0.90660 0.00025 0.00091 0.00100 0.00015 0.00048 0.00458 0.04297 0.00758 0.00041 0.00189 0.00104 0.00135 0.00148 0.00091
0.00347 0.03721 0.00499 0.00392 0.00673 0.60841 0.03444 0.00429 0.00545 0.02420 0.00430 0.00497 0.00154 0.00265 0.22769 0.00258 0.00221 0.00027 0.01942 0.00127
0.01033 0.04761 0.87481 0.00373 0.00144 0.00747 0.00079 0.00232 0.00055 0.00157 0.00027 0.00425 0.01299 0.01196 0.00276 0.00158 0.00148 0.00262 0.00509 0.00638
0.00015 0.00004 0.00000 0.00000 0.00000 0.00000 0.00000 0.00017 0.00000 0.00001 0.00000 0.00005 0.00000 0.00007 0.00000 0.00233 0.00001 0.99699 0.00015 0.00003
0.00025 0.00005 0.00013 0.00514 0.99312 0.00000 0.00001 0.00063 0.00001 0.00016 0.00001 0.00010 0.00000 0.00002 0.00001 0.00004 0.00007 0.00002 0.00006 0.00017
0.00856 0.01357 0.01358 0.04062 0.03368 0.00884 0.01581 0.54180 0.01698 0.01945 0.00696 0.00990 0.10272 0.05752 0.03324 0.03081 0.02044 0.00823 0.00685 0.01044
0.00049 0.00000 0.00006 0.00007 0.00008 0.00000 0.00008 0.00032 0.00011 0.00079 0.99052 0.00071 0.00011 0.00006 0.00074 0.00004 0.00236 0.00012 0.00327 0.00006
0.00570 0.00118 0.00427 0.00462 0.00289 0.00022 0.00005 0.00402 0.00131 0.01692 0.00033 0.02299 0.12890 0.00217 0.61971 0.15285 0.00300 0.01432 0.01282 0.00173
0.99576 0.00000 0.00000 0.00000 0.00000 0.00000 0.00000 0.00000 0.00000 0.00000 0.00000 0.00000 0.00000 0.00000 0.00000 0.00406 0.00000 0.00007 0.00000 0.00011
0.00858 0.01148 0.00455 0.02379 0.01326 0.00366 0.00395 0.00439 0.01772 0.01081 0.00172 0.00778 0.00239 0.82634 0.01101 0.00772 0.00436 0.00433 0.02558 0.00659
0.00000 0.91019 0.05402 0.00021 0.00000 0.03548 0.00000 0.00001 0.00000 0.00000 0.00000 0.00003 0.00001 0.00001 0.00000 0.00000 0.00001 0.00000 0.00001 0.00001
0.00002 0.00425 0.02188 0.01598 0.94323 0.00323 0.00000 0.00001 0.00003 0.00000 0.00000 0.00990 0.00103 0.00036 0.00000 0.00000 0.00002 0.00001 0.00001 0.00003
0.00919 0.00012 0.00002 0.00002 0.00002 0.00000 0.00002 0.00326 0.00273 0.91465 0.03481 0.00198 0.00003 0.00015 0.00022 0.00025 0.01833 0.00171 0.00965 0.00286
0.00120 0.00138 0.00235 0.01063 0.00064 0.00134 0.00024 0.91480 0.01499 0.00543 0.00065 0.00618 0.01592 0.01039 0.00162 0.00100 0.00447 0.00085 0.00419 0.00174
0.05267 0.04176 0.05256 0.01665 0.05656 0.01509 0.03242 0.04855 0.03306 0.07433 0.04197 0.00773 0.04073 0.05314 0.04660 0.05735 0.13723 0.08833 0.03782 0.06546
0.00012 0.00069 0.00106 0.05717 0.00121 0.02647 0.00004 0.00077 0.00043 0.00002 0.00003 0.00395 0.90464 0.00175 0.00031 0.00040 0.00058 0.00005 0.00023 0.00007
0.00000 0.00000 0.00000 0.00000 0.00000 0.00000 0.00000 0.00000 0.00000 0.00000 0.00000 0.00000 0.00000 0.00000 0.00000 0.05761 0.00000 0.00000 0.00000 0.94239
0.00030 0.00009 0.00234 0.79161 0.20025 0.00001 0.00027 0.00069 0.00003 0.00002 0.00004 0.00027 0.00367 0.00005 0.00016 0.00001 0.00012 0.00001 0.00006 0.00001
0.01396 0.18549 0.24514 0.06275 0.02362 0.24859 0.01097 0.02993 0.01028 0.02261 0.01043 0.00981 0.02311 0.02280 0.00553 0.03576 0.00662 0.00789 0.00714 0.01758
0.00198 0.00023 0.00036 0.00129 0.00034 0.00001 0.00002 0.02933 0.93672 0.02038 0.00031 0.00032 0.00287 0.00119 0.00162 0.00026 0.00103 0.00033 0.00093 0.00047
0.00743 0.01932 0.01578 0.40679 0.10801 0.00632 0.33325 0.01534 0.00910 0.00283 0.00959 0.01919 0.00802 0.00378 0.00320 0.00291 0.00478 0.00612 0.00910 0.00914
0.00000 0.00084 0.92308 0.00136 0.00010 0.00264 0.04099 0.00021 0.00000 0.00000 0.00000 0.00032 0.03032 0.00003 0.00003 0.00005 0.00000 0.00000 0.00001 0.00001
0.00019 0.00079 0.00139 0.00631 0.96706 0.00110 0.00216 0.00043 0.00469 0.00032 0.00007 0.00111 0.00811 0.00018 0.00091 0.00007 0.00020 0.00007 0.00370 0.00113
0.00600 0.05707 0.08625 0.57893 0.06331 0.03877 0.02025 0.01474 0.00704 0.01912 0.01473 0.01756 0.00786 0.01390 0.00557 0.00738 0.00418 0.01867 0.01180 0.00686
0.99356 0.00014 0.00001 0.00007 0.00000 0.00001 0.00000 0.00001 0.00000 0.00001 0.00000 0.00014 0.00012 0.00190 0.00000 0.00227 0.00001 0.00079 0.00041 0.00057
0.00197 0.00000 0.00000 0.00003 0.00000 0.00000 0.00000 0.00011 0.00001 0.00000 0.00000 0.31231 0.00019 0.00000 0.00000 0.00000 0.68445 0.00000 0.00029 0.00061
0.00000 0.00000 0.00000 0.00000 0.00000 0.00000 0.00000 0.00000 0.00000 0.00000 0.00000 0.00000 0.00000 0.00000 0.00000 0.00000 0.00000 0.99998 0.00001 0.00000
0.00005 0.00003 0.00005 0.00380 0.00024 0.00004 0.00000 0.98815 0.00008 0.00029 0.00000 0.00194 0.00215 0.00249 0.00011 0.00006 0.00036 0.00004 0.00011 0.00001
0.00021 0.00002 0.00000 0.00000 0.00000 0.00000 0.00023 0.00001 0.00000 0.00002 0.00000 0.00018 0.00001 0.99712 0.00096 0.00029 0.00005 0.00004 0.00080 0.00004
0.10059 0.00508 0.00908 0.01110 0.01419 0.01985 0.01066 0.00636 0.02329 0.02992 0.00691 0.00903 0.00680 0.02203 0.01438 0.22427 0.18736 0.01912 0.08998 0.18999
0.00189 0.55454 0.11715 0.17121 0.00992 0.06681 0.02971 0.00525 0.00222 0.00263 0.00121 0.00461 0.00429 0.00913 0.00180 0.00404 0.00269 0.00561 0.00254 0.00274
0.02533 0.03735 0.03899 0.04841 0.07498 0.05388 0.05909 0.05693 0.05285 0.02711 0.02579 0.07699 0.13235 0.05950 0.03469 0.05480 0.03552 0.03499 0.03846 0.03198
0.01285 0.04170 0.06215 0.09691 0.07370 0.02172 0.30989 0.04959 0.04988 0.04961 0.03439 0.02142 0.01944 0.01758 0.01994 0.04033 0.03578 0.01362 0.01597 0.01354
0.25243 0.01992 0.00022 0.00845 0.00009 0.00003 0.00016 0.00902 0.00050 0.00155 0.00046 0.00887 0.00468 0.02124 0.00197 0.18424 0.18964 0.00608 0.05494 0.23551
0.00004 0.00001 0.00000 0.00005 0.00000 0.00000 0.00000 0.00065 0.00328 0.00000 0.99486 0.00049 0.00041 0.00003 0.00002 0.00000 0.00012 0.00002 0.00001 0.00002
0.01584 0.01434 0.00266 0.01479 0.00029 0.00012 0.00109 0.01519 0.02504 0.00078 0.00611 0.02436 0.01689 0.01408 0.00385 0.00320 0.00746 0.56678 0.25745 0.00969
0.00785 0.01910 0.00765 0.03035 0.03152 0.00457 0.00501 0.03274 0.11652 0.11372 0.37811 0.00939 0.03883 0.00967 0.02940 0.00639 0.01879 0.06232 0.03952 0.03854
0.00000 0.00000 0.00000 0.00166 0.00000 0.00002 0.00098 0.00000 0.00069 0.98680 0.00514 0.00013 0.00160 0.00000 0.00001 0.00012 0.00029 0.00009 0.00244 0.00002
0.00828 0.00177 0.00228 0.00135 0.00140 0.00053 0.00295 0.02734 0.00334 0.80984 0.06194 0.00464 0.00243 0.00586 0.00267 0.00669 0.01359 0.03240 0.00332 0.00738
0.08804 0.01868 0.00109 0.00528 0.00435 0.00010 0.00455 0.04650 0.00756 0.00014 0.00056 0.00731 0.02596 0.05560 0.53043 0.11708 0.00731 0.01702 0.03266 0.02980
0.00026 0.00026 0.00008 0.61109 0.36649 0.00001 0.00199 0.00376 0.01377 0.00008 0.00021 0.00010 0.00032 0.00045 0.00010 0.00003 0.00040 0.00008 0.00031 0.00019
0.63190 0.00177 0.00005 0.00050 0.00009 0.00032 0.00050 0.00012 0.00017 0.00070 0.00007 0.00336 0.00047 0.00921 0.02408 0.27663 0.00401 0.01948 0.00240 0.02417
0.01792 0.02333 0.01953 0.05961 0.02469 0.13860 0.15848 0.06557 0.10369 0.04084 0.03279 0.01928 0.06062 0.05509 0.07593 0.01622 0.02004 0.01197 0.04052 0.01527
0.04426 0.00008 0.00000 0.00003 0.00000 0.00000 0.00000 0.00003 0.00002 0.00000 0.00001 0.00028 0.00002 0.00031 0.00004 0.69616 0.00016 0.00403 0.04426 0.21032
0.00132 0.00014 0.00010 0.00001 0.00004 0.00000 0.00343 0.00172 0.00604 0.00503 0.00264 0.00046 0.00032 0.00114 0.00043 0.95469 0.00637 0.00033 0.00040 0.01539
0.00000 0.00001 0.00001 0.00000 0.00000 0.00000 0.00000 0.99978 0.00006 0.00003 0.00000 0.00002 0.00007 0.00000 0.00001 0.00000 0.00000 0.00000 0.00000 0.00000
0.00001 0.00004 0.00000 0.00000 0.00000 0.99991 0.00000 0.00000 0.00000 0.00000 0.00000 0.00001 0.00003 0.00000 0.00000 0.00000 0.00000 0.00000 0.00000 0.00000
0.01121 0.03645 0.04255 0.09529 0.02774 0.05002 0.42980 0.01706 0.01983 0.04005 0.01421 0.01228 0.07084 0.03647 0.02768 0.02033 0.01903 0.00953 0.01110 0.00852
0.01562 0.02913 0.04523 0.10686 0.03682 0.02790 0.34284 0.03295 0.03028 0.02959 0.03306 0.01340 0.02246 0.03306 0.01877 0.07058 0.02430 0.02540 0.01698 0.04477
0.00210 0.00779 0.00276 0.00338 0.03294 0.01371 0.88951 0.00441 0.00085 0.01426 0.01120 0.00283 0.00241 0.00180 0.00109 0.00253 0.00154 0.00093 0.00239 0.00155
0.00000 0.00000 0.00000 0.00000 0.00000 0.00000 0.00000 0.99998 0.00000 0.00000 0.00000 0.00000 0.00000 0.00000 0.00000 0.00000 0.00000 0.00000 0.00001 0.00000
0.00000 0.00000 0.00000 0.00000 0.00000 0.00000 0.00000 0.00002 0.99987 0.00000 0.00000 0.00009 0.00000 0.00003 0.00000 0.00000 0.00000 0.00000 0.00000 0.00000
0.00042 0.00164 0.00096 0.00618 0.00736 0.00015 0.00001 0.00573 0.00063 0.00044 0.00060 0.00083 0.00581 0.93428 0.00596 0.01890 0.00458 0.00007 0.00374 0.00170
0.00862 0.50661 0.00764 0.23068 0.02536 0.05737 0.00317 0.03252 0.00142 0.00861 0.00349 0.00527 0.05408 0.02392 0.00256 0.01543 0.00161 0.00424 0.00292 0.00447
0.00941 0.02576 0.00333 0.00235 0.00411 0.00075 0.00016 0.00442 0.03765 0.00187 0.00226 0.00226 0.01437 0.00138 0.00147 0.00187 0.55582 0.01128 0.26968 0.04981
0.01389 0.22953 0.02223 0.02746 0.04052 0.23493 0.00761 0.09358 0.01979 0.00282 0.01228 0.03229 0.02940 0.06589 0.02912 0.00818 0.00699 0.05670 0.06133 0.00546
0.00181 0.00004 0.00026 0.00121 0.00011 0.00020 0.00020 0.00550 0.03256 0.00261 0.00114 0.00192 0.00016 0.00571 0.00058 0.00017 0.91763 0.00146 0.02463 0.00209
0.00096 0.00391 0.13117 0.68271 0.00385 0.03780 0.00147 0.00099 0.00291 0.00192 0.00004 0.02294 0.09958 0.00034 0.00054 0.00267 0.00069 0.00231 0.00299 0.00020
0.00006 0.00575 0.04039 0.03748 0.00253 0.05601 0.84120 0.00010 0.00044 0.00013 0.00005 0.00360 0.00910 0.00039 0.00030 0.00029 0.00021 0.00079 0.00087 0.00030
0.00014 0.00052 0.18001 0.08561 0.69197 0.00013 0.00005 0.00046 0.00011 0.00152 0.00002 0.00167 0.03067 0.00000 0.00084 0.00008 0.00096 0.00030 0.00275 0.00218
0.00000 0.00000 0.12622 0.87329 0.00000 0.00005 0.00005 0.00000 0.00000 0.00000 0.00000 0.00030 0.00000 0.00008 0.00000 0.00000 0.00000 0.00000 0.00000 0.00000
0.00133 0.00024 0.00562 0.01792 0.01131 0.00180 0.00132 0.00321 0.20010 0.00018 0.00022 0.25035 0.48918 0.00747 0.00039 0.00007 0.00034 0.00013 0.00727 0.00155
0.00315 0.00018 0.00000 0.00002 0.00000 0.00000 0.00008 0.00001 0.00001 0.00003 0.00003 0.00345 0.00003 0.00106 0.00008 0.97695 0.00157 0.00502 0.00213 0.00621
0.00000 0.00000 0.00000 0.00000 0.00000 0.00000 0.00000 0.00002 0.99981 0.00000 0.00000 0.00003 0.00000 0.00001 0.00000 0.00000 0.00000 0.00000 0.00004 0.00008
0.00014 0.00002 0.00000 0.00063 0.00000 0.00000 0.00000 0.00025 0.00008 0.00043 0.00003 0.00003 0.00000 0.00028 0.00003 0.00018 0.00050 0.99620 0.00105 0.00014
0.01508 0.06625 0.06067 0.04972 0.06741 0.09377 0.03141 0.08310 0.06354 0.03024 0.03863 0.02453 0.14909 0.03380 0.03923 0.02010 0.03938 0.03257 0.02515 0.03633
0.01728 0.09213 0.02405 0.04061 0.06180 0.03902 0.40201 0.04388 0.04816 0.01459 0.01903 0.00979 0.02600 0.01214 0.02487 0.03065 0.01313 0.02314 0.02043 0.03728
0.00000 0.00000 0.00000 0.00000 0.00000 0.00000 0.00000 0.00000 0.00000 0.00000 0.00000 0.00000 0.00000 0.00000 0.00000 0.00000 0.00000 0.00000 1.00000 0.00000
0.00965 0.45307 0.03666 0.19939 0.03435 0.02541 0.00190 0.00647 0.07273 0.00404 0.00083 0.01836 0.07946 0.02378 0.01779 0.00997 0.00244 0.00120 0.00128 0.00123
0.00000 0.00000 0.00000 0.00000 0.00000 0.00000 0.00000 0.00000 0.00000 0.00000 0.00000 0.99901 0.00000 0.00000 0.00000 0.00000 0.00005 0.00000 0.00095 0.00000
0.00177 0.01162 0.72254 0.12265 0.00561 0.01796 0.00899 0.02560 0.01155 0.00380 0.00575 0.00303 0.02431 0.00260 0.00320 0.00186 0.02015 0.00366 0.00288 0.00047
0.00896 0.00001 0.00000 0.00000 0.00000 0.00000 0.00000 0.00003 0.00000 0.00000 0.00000 0.00014 0.00001 0.00005 0.00000 0.92758 0.00130 0.00308 0.00170 0.05714
0.02092 0.01016 0.04874 0.01296 0.00865 0.00340 0.06177 0.12674 0.19183 0.03634 0.00321 0.01898 0.03905 0.04774 0.01176 0.03690 0.05566 0.06119 0.15117 0.05282
0.01873 0.01737 0.01409 0.01330 0.01780 0.04106 0.04384 0.02235 0.48280 0.00960 0.05493 0.03588 0.03411 0.02859 0.11732 0.01242 0.01307 0.00615 0.00825 0.00836
0.02817 0.03807 0.04091 0.33525 0.14865 0.00676 0.04733 0.06625 0.04811 0.03342 0.02578 0.01553 0.05547 0.03604 0.01802 0.02369 0.00785 0.00649 0.01071 0.00751
0.00855 0.00000 0.00000 0.00000 0.00000 0.00000 0.00000 0.00000 0.00000 0.00000 0.00000 0.00000 0.00000 0.00000 0.00000 0.98994 0.00002 0.00004 0.00016 0.00129
0.00057 0.43045 0.00062 0.01784 0.00249 0.36484 0.00000 0.00002 0.00000 0.00000 0.00000 0.01550 0.05257 0.00633 0.10247 0.00114 0.00002 0.00163 0.00350 0.00003
0.02599 0.04206 0.02816 0.08066 0.02801 0.01893 0.44786 0.01928 0.04451 0.03912 0.01183 0.01080 0.04434 0.03345 0.02518 0.01516 0.03081 0.01336 0.02519 0.01530
0.00679 0.01052 0.02941 0.00501 0.00767 0.00533 0.00097 0.01949 0.00741 0.00233 0.01205 0.00356 0.02756 0.00322 0.77896 0.00194 0.00356 0.00410 0.06600 0.00411
0.00000 0.00000 0.00000 0.00000 0.00000 0.00000 0.00000 0.00004 0.99993 0.00000 0.00000 0.00001 0.00000 0.00002 0.00000 0.00000 0.00000 0.00000 0.00000 0.00000
0.00227 0.00121 0.00243 0.00974 0.00148 0.00128 0.00025 0.04526 0.91198 0.00098 0.00435 0.00141 0.00184 0.00683 0.00089 0.00026 0.00083 0.00155 0.00358 0.00159
0.00287 0.18599 0.03254 0.04482 0.57343 0.08037 0.00006 0.00033 0.00002 0.00004 0.00041 0.04823 0.00936 0.00100 0.00028 0.00613 0.00040 0.00160 0.00290 0.00920
0.03796 0.01867 0.05880 0.06197 0.16889 0.02476 0.03809 0.05587 0.07251 0.06528 0.03051 0.03000 0.07551 0.02685 0.00779 0.05317 0.02520 0.04259 0.02948 0.07610
0.01655 0.01482 0.02039 0.01261 0.02878 0.04222 0.07799 0.03312 0.11024 0.17355 0.10292 0.01466 0.03345 0.06562 0.03235 0.03951 0.03935 0.06114 0.05991 0.02083
0.00002 0.00046 0.00025 0.00245 0.00002 0.05254 0.00000 0.00001 0.00000 0.00000 0.00000 0.94298 0.00063 0.00010 0.00009 0.00000 0.00000 0.00000 0.00046 0.00000
0.01080 0.04214 0.62521 0.02350 0.01036 0.05042 0.04337 0.01083 0.01394 0.01425 0.01080 0.00658 0.00502 0.03814 0.01600 0.02349 0.02389 0.01365 0.00910 0.00851
0.00076 0.00932 0.00365 0.00473 0.01169 0.00220 0.00036 0.11350 0.02083 0.00031 0.00113 0.00912 0.00267 0.00993 0.77120 0.00371 0.00127 0.02034 0.00913 0.00415
0.02549 0.05874 0.05429 0.07154 0.03066 0.01681 0.15076 0.11996 0.08011 0.05465 0.03758 0.01005 0.02956 0.02707 0.02658 0.06405 0.04630 0.03032 0.03577 0.02970
0.00283 0.00192 0.00180 0.00256 0.00220 0.00005 0.00000 0.00208 0.00287 0.00021 0.00003 0.00052 0.00887 0.97070 0.00028 0.00054 0.00026 0.00035 0.00105 0.00087
0.01312 0.02766 0.00046 0.00578 0.00756 0.00004 0.00142 0.00167 0.00283 0.02521 0.02181 0.83810 0.00472 0.00403 0.01771 0.00141 0.00156 0.00124 0.01258 0.01109
0.00046 0.00000 0.00000 0.00000 0.00000 0.00000 0.00000 0.00010 0.00000 0.00000 0.00000 0.00026 0.00001 0.00035 0.00000 0.99772 0.00002 0.00008 0.00032 0.00069
0.00000 0.00002 0.00001 0.00009 0.99194 0.00000 0.00074 0.00678 0.00001 0.00000 0.00000 0.00017 0.00015 0.00003 0.00000 0.00001 0.00000 0.00000 0.00006 0.00001
0.00685 0.00202 0.00260 0.01091 0.00102 0.00390 0.00283 0.00165 0.00571 0.00267 0.02227 0.01995 0.86368 0.00464 0.01104 0.00042 0.03173 0.00135 0.00220 0.00256
0.01387 0.00000 0.00000 0.00000 0.00000 0.00000 0.00000 0.00000 0.00000 0.00000 0.00000 0.00000 0.00000 0.00000 0.00000 0.98551 0.00000 0.00000 0.00000 0.00061
0.02033 0.01374 0.00112 0.00868 0.10366 0.01167 0.00012 0.01867 0.04016 0.04286 0.00384 0.00655 0.04388 0.58105 0.00578 0.01220 0.03822 0.00272 0.00440 0.04032
0.00017 0.00006 0.00000 0.00003 0.00000 0.00000 0.00022 0.00005 0.00024 0.00001 0.00012 0.03745 0.00010 0.00022 0.00009 0.00014 0.94824 0.00032 0.01243 0.00012
0.01509 0.00756 0.02363 0.00543 0.01179 0.02466 0.00334 0.00669 0.01126 0.03281 0.00998 0.03536 0.01360 0.01450 0.01765 0.50153 0.08762 0.11529 0.03100 0.03121
0.41287 0.00713 0.00798 0.00193 0.00514 0.00628 0.00331 0.04119 0.01327 0.08391 0.04339 0.02551 0.01487 0.01174 0.01201 0.05465 0.06987 0.07625 0.07023 0.03847
0.40097 0.01102 0.00522 0.00430 0.00294 0.00246 0.00193 0.02209 0.03606 0.00719 0.00073 0.01839 0.01830 0.01937 0.00338 0.24975 0.02214 0.02203 0.03149 0.12024
0.00000 0.00000 0.00000 0.00000 0.00000 0.00000 0.00000 0.00000 0.00000 0.00000 0.00000 0.00000 0.00000 0.00000 0.00000 1.00000 0.00000 0.00000 0.00000 0.00000
0.00001 0.60289 0.00003 0.00068 0.06803 0.32427 0.00000 0.00000 0.00000 0.00000 0.00000 0.00084 0.00314 0.00005 0.00002 0.00002 0.00000 0.00000 0.00000 0.00000
0.02790 0.01780 0.02885 0.03164 0.09714 0.11289 0.21151 0.03965 0.05642 0.02794 0.04161 0.01039 0.06704 0.04130 0.03062 0.03013 0.02562 0.02888 0.03247 0.04019
0.00044 0.00007 0.00040 0.00055 0.00004 0.00011 0.00002 0.00126 0.00017 0.03665 0.95218 0.00193 0.00060 0.00028 0.00023 0.00024 0.00065 0.00007 0.00127 0.00286
0.00051 0.08563 0.00084 0.01335 0.00663 0.01186 0.00030 0.01566 0.00406 0.00025 0.00006 0.01027 0.84100 0.00375 0.00328 0.00167 0.00029 0.00028 0.00010 0.00022
0.00788 0.00442 0.00508 0.00819 0.00637 0.00508 0.00454 0.03394 0.01255 0.46287 0.23956 0.01437 0.02568 0.02213 0.01139 0.02417 0.01716 0.01874 0.01548 0.06040
0.03038 0.08113 0.01440 0.00579 0.01528 0.04914 0.00023 0.00173 0.00308 0.00364 0.00051 0.26642 0.29021 0.00341 0.03023 0.06476 0.05379 0.00270 0.04325 0.03992
0.00673 0.82593 0.00237 0.00332 0.00217 0.09537 0.00760 0.00261 0.00060 0.00065 0.00106 0.00332 0.01495 0.00428 0.00294 0.00568 0.00553 0.00194 0.00948 0.00346
0.00081 0.00206 0.69959 0.22732 0.04609 0.00230 0.00118 0.00137 0.00080 0.00759 0.00073 0.00220 0.00217 0.00008 0.00181 0.00064 0.00156 0.00043 0.00102 0.00024
0.01689 0.06700 0.03007 0.04725 0.01846 0.03538 0.01293 0.06468 0.04342 0.02280 0.05819 0.01852 0.44318 0.02289 0.03299 0.00579 0.01836 0.01050 0.01189 0.01880
0.00042 0.00511 0.95887 0.00274 0.00763 0.00249 0.00055 0.00251 0.00239 0.00072 0.00001 0.00522 0.00165 0.00579 0.00047 0.00024 0.00148 0.00025 0.00019 0.00127
0.00104 0.00004 0.00451 0.00032 0.00194 0.00001 0.00000 0.00004 0.00021 0.00027 0.00000 0.00061 0.00089 0.98851 0.00002 0.00099 0.00009 0.00001 0.00049 0.00002
0.00159 0.00060 0.00006 0.00008 0.00048 0.00001 0.00000 0.00008 0.00002 0.00003 0.00000 0.00033 0.00036 0.00122 0.00067 0.98304 0.00003 0.00011 0.01119 0.00010
0.01238 0.01793 0.07865 0.08737 0.46031 0.01114 0.09716 0.01778 0.00543 0.00989 0.02078 0.00562 0.01865 0.01045 0.01735 0.03265 0.02354 0.04589 0.01817 0.00885
0.02996 0.06887 0.04720 0.03923 0.01491 0.01278 0.00464 0.08378 0.04993 0.03522 0.03344 0.01957 0.07337 0.01513 0.21089 0.05327 0.09433 0.05787 0.03252 0.02309
0.00568 0.01079 0.01373 0.03326 0.01689 0.01279 0.00091 0.53521 0.17072 0.00254 0.00704 0.03467 0.03678 0.02580 0.01876 0.00540 0.02524 0.01093 0.02547 0.00739
0.00693 0.26264 0.32209 0.13305 0.00257 0.06085 0.00325 0.00493 0.00883 0.00078 0.00249 0.11525 0.01876 0.00517 0.02794 0.00037 0.00101 0.00154 0.00787 0.01366
0.00000 0.00000 0.00000 0.00000 0.00000 0.00000 0.00000 0.00000 0.00000 0.00000 0.00000 1.00000 0.00000 0.00000 0.00000 0.00000 0.00000 0.00000 0.00000 0.00000
0.01217 0.00023 0.00015 0.87096 0.00026 0.00187 0.00001 0.00304 0.00650 0.00019 0.00004 0.01542 0.00098 0.00075 0.05593 0.00001 0.00027 0.00010 0.03106 0.00005
0.00619 0.00003 0.00011 0.00035 0.00040 0.00000 0.00014 0.98205 0.00023 0.00023 0.00001 0.00042 0.00022 0.00102 0.00009 0.00102 0.00149 0.00035 0.00499 0.00066
0.00001 0.00000 0.00000 0.00000 0.00000 0.00000 0.00000 0.00000 0.00000 0.00000 0.00000 0.00004 0.00000 0.00001 0.00000 0.99730 0.00003 0.00000 0.00260 0.00001
0.02348 0.09324 0.10251 0.03675 0.08323 0.16359 0.04442 0.09199 0.01129 0.09368 0.01759 0.01603 0.11682 0.03118 0.01500 0.01888 0.01593 0.00450 0.01089 0.00898
0.02508 0.35392 0.06325 0.11201 0.01938 0.08125 0.02442 0.02523 0.02371 0.01435 0.01297 0.01453 0.08140 0.02660 0.04321 0.02319 0.00700 0.00641 0.02287 0.01920
0.00219 0.00177 0.00142 0.01300 0.00487 0.00061 0.00004 0.00202 0.00848 0.00120 0.00025 0.01528 0.88338 0.01590 0.03650 0.00082 0.00393 0.00036 0.00075 0.00723
0.00080 0.00048 0.00010 0.00053 0.00010 0.00086 0.00000 0.00317 0.00086 0.02148 0.00013 0.01620 0.00138 0.00153 0.91954 0.00289 0.00505 0.00189 0.02154 0.00146
0.00036 0.00258 0.00011 0.00074 0.00301 0.00005 0.00008 0.20753 0.77881 0.00006 0.00089 0.00016 0.00052 0.00085 0.00005 0.00051 0.00127 0.00016 0.00207 0.00017
0.04408 0.01119 0.01722 0.03798 0.01433 0.00473 0.02227 0.12061 0.08101 0.00299 0.00462 0.07822 0.00341 0.03095 0.04144 0.03353 0.35252 0.02850 0.05497 0.01542
0.00005 0.25342 0.00022 0.00744 0.01495 0.72319 0.00005 0.00002 0.00001 0.00001 0.00001 0.00026 0.00010 0.00009 0.00000 0.00004 0.00001 0.00003 0.00005 0.00004
0.00004 0.00000 0.00000 0.00003 0.00000 0.00000 0.00000 0.00004 0.00007 0.05592 0.00006 0.00009 0.00000 0.00006 0.00000 0.00001 0.00020 0.00001 0.94347 0.00001
0.00001 0.00001 0.00000 0.00001 0.00000 0.00001 0.00000 0.00001 0.00000 0.00000 0.00000 0.99908 0.00002 0.00001 0.00002 0.00001 0.00006 0.00001 0.00067 0.00006
0.00118 0.00000 0.00000 0.00000 0.00000 0.00000 0.00000 0.00000 0.00000 0.00000 0.00000 0.00001 0.00000 0.00001 0.00000 0.00003 0.00001 0.99855 0.00007 0.00013
0.00382 0.00123 0.00315 0.04591 0.01078 0.00015 0.00420 0.01579 0.01099 0.00438 0.87171 0.00527 0.00431 0.00100 0.00154 0.00071 0.00213 0.00045 0.00389 0.00860
0.00000 0.00025 0.00000 0.00002 0.00000 0.99906 0.00000 0.00000 0.00000 0.00000 0.00000 0.00066 0.00000 0.00000 0.00000 0.00000 0.00000 0.00000 0.00000 0.00000
0.00050 0.00000 0.00000 0.00005 0.00000 0.00000 0.00000 0.98357 0.00079 0.00000 0.00000 0.00019 0.00021 0.00111 0.00006 0.00000 0.01023 0.00006 0.00297 0.00026
0.00006 0.02113 0.03943 0.01165 0.00017 0.69874 0.00003 0.00026 0.00001 0.00000 0.00001 0.00017 0.22657 0.00005 0.00000 0.00044 0.00120 0.00001 0.00005 0.00000
0.01543 0.10276 0.06094 0.14238 0.09818 0.06346 0.02033 0.04505 0.02912 0.02255 0.01291 0.00917 0.25759 0.07326 0.01992 0.00749 0.00733 0.00330 0.00379 0.00503
0.01023 0.00156 0.00226 0.00430 0.00314 0.00010 0.00108 0.00156 0.01445 0.00512 0.00044 0.00462 0.00724 0.00242 0.00302 0.00057 0.90627 0.00861 0.01470 0.00829
0.00005 0.01405 0.52568 0.44728 0.00138 0.00123 0.00008 0.00014 0.00002 0.00002 0.00001 0.00732 0.00014 0.00019 0.00004 0.00001 0.00162 0.00003 0.00046 0.00026
0.00412 0.00447 0.00517 0.00574 0.00050 0.00338 0.89262 0.00521 0.00207 0.00161 0.00545 0.00058 0.00341 0.00851 0.02934 0.00783 0.00321 0.00342 0.00123 0.01211
0.01929 0.00017 0.00001 0.00003 0.00001 0.00001 0.00000 0.00020 0.00019 0.00014 0.00015 0.00546 0.00004 0.00933 0.00068 0.81413 0.01016 0.01212 0.00149 0.12638
0.03935 0.02128 0.07864 0.03201 0.08596 0.03909 0.12489 0.02589 0.02761 0.05434 0.05040 0.02061 0.11853 0.03953 0.02512 0.08558 0.02351 0.03891 0.01978 0.04896
0.00719 0.00209 0.00118 0.05429 0.83166 0.00077 0.00063 0.01942 0.01784 0.00223 0.00344 0.00298 0.00831 0.00339 0.00673 0.00205 0.00499 0.00198 0.01216 0.01668
0.00074 0.00017 0.00014 0.00026 0.00004 0.00004 0.00013 0.00106 0.00056 0.00047 0.00006 0.00284 0.00367 0.00021 0.98636 0.00003 0.00122 0.00048 0.00043 0.00111
0.01080 0.26683 0.03150 0.07295 0.02491 0.10240 0.01995 0.03600 0.01781 0.02712 0.01107 0.02377 0.13527 0.09186 0.03431 0.03880 0.02320 0.01523 0.00594 0.01026
0.00000 0.00000 0.00000 0.00437 0.99561 0.00000 0.00000 0.00000 0.00000 0.00000 0.00000 0.00000 0.00002 0.00000 0.00000 0.00000 0.00000 0.00000 0.00000 0.00000
0.03225 0.04149 0.02891 0.14612 0.15849 0.06564 0.02003 0.08396 0.10269 0.03962 0.01693 0.00851 0.08837 0.03270 0.01097 0.04234 0.02259 0.01190 0.01738 0.02911
0.00006 0.40209 0.08288 0.16855 0.00084 0.33999 0.00095 0.00014 0.00074 0.00001 0.00001 0.00186 0.00082 0.00034 0.00000 0.00045 0.00015 0.00004 0.00008 0.00001
0.00011 0.99406 0.00004 0.00179 0.00001 0.00192 0.00027 0.00031 0.00028 0.00011 0.00006 0.00042 0.00025 0.00006 0.00005 0.00001 0.00002 0.00001 0.00016 0.00007
0.03561 0.02092 0.02840 0.04015 0.07033 0.01611 0.02469 0.08646 0.03460 0.09947 0.20367 0.01546 0.04524 0.02182 0.03796 0.07044 0.03385 0.02240 0.04033 0.05208
0.00001 0.00003 0.00015 0.00455 0.00009 0.00001 0.00000 0.83459 0.00067 0.00000 0.00000 0.00118 0.15719 0.00011 0.00001 0.00000 0.00126 0.00000 0.00003 0.00012
0.00172 0.00000 0.00000 0.00000 0.00000 0.00000 0.00000 0.00000 0.00000 0.00000 0.00000 0.00000 0.00001 0.00000 0.00000 0.00362 0.00000 0.99354 0.00000 0.00110
0.00005 0.09744 0.78604 0.02915 0.00190 0.04779 0.00567 0.00031 0.00020 0.00081 0.00020 0.00964 0.01104 0.00435 0.00402 0.00027 0.00032 0.00034 0.00023 0.00023
0.00041 0.00020 0.00000 0.00003 0.00000 0.00000 0.00000 0.00001 0.00001 0.00001 0.00000 0.00044 0.00006 0.00012 0.99782 0.00000 0.00062 0.00000 0.00020 0.00008
0.00001 0.00000 0.00006 0.00002 0.00002 0.00000 0.00010 0.00006 0.99857 0.00001 0.00001 0.00003 0.00001 0.00008 0.00000 0.00000 0.00084 0.00006 0.00010 0.00001
0.00001 0.00000 0.00000 0.00000 0.00000 0.00000 0.00000 0.00001 0.00000 0.91513 0.08456 0.00001 0.00000 0.00000 0.00001 0.00000 0.00021 0.00002 0.00001 0.00003
0.00197 0.72086 0.02459 0.01401 0.01761 0.05007 0.00070 0.00342 0.00057 0.00054 0.00064 0.00299 0.13081 0.00285 0.01684 0.00544 0.00072 0.00077 0.00155 0.00305
0.00658 0.06252 0.67143 0.01785 0.01167 0.01273 0.00798 0.00538 0.01314 0.00560 0.00987 0.00533 0.00722 0.00561 0.00683 0.07119 0.00791 0.02742 0.03732 0.00642
0.01584 0.00480 0.00140 0.01061 0.00177 0.00117 0.00120 0.00562 0.01518 0.04626 0.84027 0.00861 0.01899 0.00042 0.00435 0.00069 0.00203 0.00387 0.00599 0.01093
0.01901 0.13717 0.05454 0.05764 0.05822 0.02596 0.12266 0.05186 0.03484 0.05233 0.03841 0.01952 0.04014 0.08409 0.03751 0.04132 0.05193 0.02863 0.02126 0.02297
0.00131 0.00471 0.00422 0.00405 0.00036 0.00086 0.00043 0.00127 0.00186 0.00421 0.00085 0.00220 0.00203 0.00184 0.00061 0.89996 0.00026 0.00103 0.06149 0.00645
0.03934 0.01918 0.03186 0.02497 0.03567 0.01382 0.05768 0.07686 0.05731 0.05206 0.02900 0.01445 0.03422 0.02798 0.01720 0.01611 0.02676 0.30463 0.03728 0.08363
0.00018 0.01734 0.93865 0.01239 0.00169 0.00204 0.00035 0.00185 0.00004 0.00016 0.00010 0.00047 0.02043 0.00100 0.00019 0.00188 0.00009 0.00074 0.00014 0.00025
0.00836 0.00002 0.00005 0.00020 0.00015 0.00006 0.00000 0.00043 0.00021 0.00635 0.00007 0.00180 0.00004 0.00043 0.00028 0.35702 0.00642 0.00786 0.00303 0.60723
0.00000 0.00014 0.00035 0.00000 0.00000 0.00001 0.00000 0.00000 0.00000 0.00000 0.99487 0.00034 0.00000 0.00049 0.00001 0.00001 0.00355 0.00017 0.00000 0.00005
0.14743 0.02204 0.06082 0.04731 0.02996 0.01565 0.02142 0.08636 0.10491 0.01236 0.01334 0.01060 0.01020 0.11058 0.01292 0.13668 0.11038 0.01304 0.02472 0.00928
0.00852 0.01078 0.00633 0.00812 0.00533 0.01082 0.01217 0.06114 0.65460 0.00709 0.01563 0.01064 0.01274 0.01692 0.03330 0.01440 0.02425 0.04465 0.03223 0.01036
0.01221 0.00182 0.00236 0.00139 0.00001 0.00012 0.00000 0.00880 0.00065 0.00641 0.00001 0.00027 0.00004 0.00075 0.00001 0.93635 0.00071 0.02345 0.00077 0.00385
0.10868 0.01461 0.01340 0.00166 0.00329 0.00482 0.00162 0.00202 0.01458 0.00830 0.00447 0.00531 0.01693 0.01574 0.02139 0.00527 0.00488 0.02165 0.03673 0.69466
0.00000 0.00000 0.00000 0.00000 0.00000 0.00000 0.00000 0.00107 0.99893 0.00000 0.00000 0.00000 0.00000 0.00000 0.00000 0.00000 0.00000 0.00000 0.00000 0.00000
0.00277 0.00020 0.00004 0.00003 0.00003 0.00000 0.00000 0.00007 0.00000 0.00000 0.00001 0.00364 0.00002 0.00001 0.00007 0.97499 0.00001 0.00016 0.00010 0.01784
0.01176 0.21632 0.06982 0.01435 0.00604 0.28115 0.12237 0.00907 0.00910 0.01219 0.00372 0.05203 0.02718 0.07186 0.01353 0.04659 0.01418 0.00620 0.00511 0.00743
0.01209 0.01848 0.02894 0.07162 0.00220 0.00993 0.04302 0.00492 0.47699 0.03783 0.01490 0.00393 0.13639 0.03798 0.00307 0.00102 0.06337 0.00943 0.00587 0.01802
0.02344 0.00835 0.00967 0.00198 0.00042 0.00502 0.01238 0.00681 0.00353 0.01333 0.00121 0.04116 0.00793 0.05694 0.76267 0.00496 0.02426 0.00158 0.00377 0.01061
0.14189 0.00067 0.00024 0.00033 0.00015 0.00009 0.00013 0.00007 0.00046 0.00105 0.00065 0.00554 0.00006 0.00350 0.00024 0.02651 0.01164 0.00204 0.00351 0.80124
0.00009 0.01659 0.91886 0.04396 0.00040 0.00339 0.00866 0.00212 0.00130 0.00021 0.00025 0.00054 0.00048 0.00089 0.00014 0.00072 0.00046 0.00024 0.00062 0.00009
0.00000 0.00000 0.97224 0.00000 0.00000 0.02776 0.00000 0.00000 0.00000 0.00000 0.00000 0.00000 0.00000 0.00000 0.00000 0.00000 0.00000 0.00000 0.00000 0.00000
0.00354 0.00071 0.00248 0.00078 0.00111 0.00058 0.00030 0.00480 0.00060 0.03068 0.94111 0.00482 0.00181 0.00012 0.00023 0.00332 0.00038 0.00044 0.00164 0.00056
0.00442 0.56583 0.15038 0.03897 0.00723 0.11966 0.00106 0.00466 0.00051 0.01172 0.00102 0.00694 0.04090 0.01101 0.00240 0.02154 0.00172 0.00352 0.00183 0.00469
0.00399 0.59332 0.00498 0.08377 0.00174 0.07897 0.01725 0.01112 0.01100 0.00597 0.01583 0.00987 0.11229 0.01614 0.00722 0.00420 0.00760 0.00444 0.00121 0.00908
0.00551 0.05573 0.00687 0.14409 0.37247 0.01699 0.03760 0.01705 0.00126 0.00195 0.00214 0.00736 0.28389 0.02345 0.00296 0.00681 0.00318 0.00473 0.00266 0.00331
0.00042 0.00007 0.00012 0.00011 0.00003 0.00000 0.00012 0.00044 0.00082 0.01102 0.97654 0.00144 0.00004 0.00012 0.00015 0.00112 0.00065 0.00027 0.00645 0.00008
0.05276 0.00000 0.00000 0.00000 0.00000 0.00000 0.00000 0.00404 0.00002 0.00000 0.00002 0.00038 0.00000 0.00032 0.00025 0.00225 0.08643 0.84901 0.00441 0.00011
0.00331 0.06894 0.68539 0.04227 0.03748 0.03065 0.00436 0.04314 0.00483 0.01139 0.00552 0.00576 0.02079 0.00998 0.00271 0.00392 0.01106 0.00096 0.00265 0.00488
0.02179 0.12802 0.07894 0.05520 0.04448 0.04543 0.13883 0.03263 0.06422 0.01511 0.02502 0.04653 0.01626 0.05131 0.01933 0.05888 0.02497 0.05392 0.02113 0.05799
0.00603 0.00202 0.00006 0.00029 0.00022 0.00060 0.00097 0.63384 0.01031 0.00132 0.00323 0.00163 0.00826 0.00040 0.00038 0.00030 0.05572 0.01461 0.02771 0.23209
0.06003 0.00183 0.00412 0.01362 0.00136 0.00178 0.01732 0.02434 0.01298 0.00344 0.00167 0.00326 0.00448 0.12451 0.00548 0.00270 0.06009 0.00595 0.01782 0.63321
0.00005 0.00014 0.00009 0.00085 0.00002 0.00001 0.00004 0.00109 0.99265 0.00000 0.00000 0.00317 0.00017 0.00007 0.00006 0.00000 0.00003 0.00000 0.00151 0.00004
0.00598 0.00133 0.00184 0.00135 0.00082 0.00241 0.00024 0.00036 0.00034 0.00079 0.00047 0.00571 0.00090 0.05102 0.00066 0.00159 0.00333 0.91130 0.00843 0.00113
0.00143 0.00000 0.00000 0.00000 0.00000 0.00000 0.00000 0.00000 0.00000 0.00000 0.00000 0.00000 0.00000 0.00000 0.00000 0.99415 0.00000 0.00000 0.00000 0.00443
0.03282 0.04992 0.02011 0.02298 0.02553 0.04346 0.00899 0.15583 0.16034 0.07116 0.03684 0.01447 0.04205 0.02159 0.07727 0.07213 0.03052 0.05976 0.03648 0.01775
0.00075 0.00072 0.00064 0.01001 0.00106 0.00004 0.00252 0.93304 0.01394 0.00002 0.00003 0.00060 0.00267 0.00889 0.00019 0.00243 0.00034 0.00022 0.01905 0.00283
0.00562 0.04932 0.06005 0.12263 0.09247 0.00820 0.02699 0.03118 0.01971 0.01395 0.02107 0.00796 0.39277 0.04321 0.02270 0.00845 0.01572 0.02303 0.01172 0.02325
0.00007 0.00000 0.00000 0.00080 0.00000 0.00000 0.00001 0.00002 0.00004 0.00000 0.00000 0.00393 0.00013 0.00008 0.00000 0.00000 0.00023 0.99346 0.00118 0.00003
0.00014 0.00763 0.98320 0.00005 0.00294 0.00005 0.00000 0.00001 0.00014 0.00001 0.00004 0.00173 0.00066 0.00021 0.00013 0.00026 0.00029 0.00020 0.00166 0.00064
0.00000 0.00000 0.00000 0.00000 0.00000 0.00000 0.00000 0.00000 0.00000 0.00000 0.00000 0.00000 0.00000 0.00000 0.00000 0.00000 1.00000 0.00000 0.00000 0.00000
0.00006 0.00002 0.00009 0.01196 0.00238 0.00588 0.00018 0.00157 0.00105 0.00001 0.00001 0.00125 0.96829 0.00420 0.00005 0.00072 0.00102 0.00006 0.00040 0.00080
0.02795 0.02560 0.06398 0.05393 0.10360 0.02531 0.07967 0.05868 0.02351 0.07225 0.04146 0.02671 0.03820 0.03872 0.07467 0.03465 0.02883 0.05298 0.08965 0.03963
0.00005 0.00002 0.96336 0.02946 0.00007 0.00013 0.00001 0.00017 0.00004 0.00000 0.00000 0.00602 0.00037 0.00004 0.00001 0.00000 0.00011 0.00003 0.00004 0.00007
0.05054 0.01471 0.02728 0.00835 0.01054 0.00865 0.01705 0.03150 0.01398 0.04128 0.01739 0.01593 0.11758 0.01350 0.13495 0.00392 0.19623 0.04126 0.09108 0.14428
0.74903 0.00372 0.01427 0.00911 0.00392 0.01117 0.00487 0.02025 0.02211 0.00768 0.00810 0.01573 0.01907 0.04090 0.01437 0.00156 0.02551 0.00568 0.00645 0.01649
0.00001 0.00149 0.00243 0.00554 0.00013 0.00180 0.98294 0.00001 0.00298 0.00000 0.00000 0.00005 0.00256 0.00002 0.00000 0.00000 0.00002 0.00000 0.00000 0.00000
0.82648 0.00577 0.00141 0.00107 0.00192 0.00083 0.00176 0.02256 0.00303 0.00301 0.00320 0.00760 0.00286 0.00270 0.00194 0.04269 0.02262 0.00357 0.02329 0.02169
0.02894 0.04162 0.01017 0.01099 0.01629 0.00430 0.01021 0.00735 0.00404 0.00555 0.00501 0.00402 0.03126 0.03102 0.67794 0.01328 0.01289 0.03141 0.00877 0.04494
0.01100 0.06916 0.04675 0.04920 0.09853 0.06784 0.01636 0.07875 0.03805 0.02704 0.01508 0.00880 0.20812 0.02663 0.15999 0.02168 0.00565 0.00679 0.02348 0.02110
0.01807 0.00037 0.01158 0.00079 0.00018 0.00007 0.00003 0.00171 0.00006 0.00002 0.00001 0.00853 0.00081 0.04673 0.00202 0.84364 0.02054 0.00537 0.00416 0.03531
0.00319 0.00030 0.00001 0.00000 0.00000 0.00000 0.00000 0.00000 0.00000 0.00004 0.00000 0.00000 0.00000 0.00001 0.00000 0.00001 0.00000 0.00004 0.00002 0.99637
0.00466 0.01251 0.01054 0.03131 0.11826 0.00277 0.71197 0.03018 0.00299 0.00313 0.00650 0.00460 0.01489 0.00942 0.00320 0.01603 0.00127 0.00338 0.00556 0.00683
0.02566 0.04079 0.06488 0.17412 0.06755 0.07262 0.00992 0.08776 0.02048 0.05728 0.04527 0.01542 0.03240 0.04424 0.03805 0.05332 0.03505 0.03940 0.02361 0.05218
0.00034 0.00098 0.00005 0.00026 0.00056 0.00007 0.00000 0.00002 0.00003 0.00002 0.00000 0.99445 0.00021 0.00014 0.00005 0.00045 0.00039 0.00049 0.00079 0.00069
0.01276 0.09793 0.06553 0.09533 0.27045 0.03653 0.05771 0.03621 0.01646 0.06775 0.01820 0.01589 0.02387 0.05581 0.05541 0.02055 0.02014 0.00460 0.02024 0.00862
0.00001 0.00000 0.00002 0.00000 0.00142 0.00000 0.00000 0.00096 0.99539 0.00004 0.00000 0.00014 0.00004 0.00001 0.00000 0.00000 0.00013 0.00072 0.00110 0.00001
0.00002 0.00000 0.00000 0.00001 0.00000 0.00000 0.00000 0.00017 0.00002 0.00000 0.00000 0.00079 0.00000 0.13589 0.00005 0.00000 0.00005 0.00018 0.86281 0.00001
0.00556 0.00708 0.00246 0.00842 0.00962 0.00227 0.00015 0.05638 0.00044 0.00490 0.00519 0.01715 0.01513 0.79698 0.00630 0.02138 0.00357 0.00268 0.01628 0.01805
0.00027 0.00220 0.00095 0.00338 0.00014 0.00010 0.00003 0.00178 0.00083 0.00132 0.00015 0.00389 0.96541 0.00699 0.00572 0.00098 0.00402 0.00050 0.00122 0.00011
0.00532 0.00019 0.00207 0.00072 0.00018 0.00075 0.00124 0.00018 0.00053 0.00012 0.00006 0.00116 0.01681 0.00653 0.00022 0.95057 0.00028 0.00162 0.00703 0.00443
0.00000 0.00000 0.00000 0.00000 0.00000 0.00000 0.00000 0.00002 0.00000 0.00000 0.00000 0.00152 0.00001 0.00064 0.00000 0.00000 0.99666 0.00000 0.00115 0.00000
0.03624 0.03384 0.04800 0.03335 0.06068 0.03697 0.05007 0.07317 0.05960 0.12472 0.12940 0.02014 0.02690 0.04625 0.02820 0.03164 0.02516 0.02878 0.03454 0.07234
0.00000 0.00000 0.00000 0.00000 0.00000 0.00000 0.00000 0.00000 0.00000 0.00000 0.00000 0.00000 0.00000 0.00000 0.00000 0.00000 0.14400 0.85599 0.00000 0.00000
0.00008 0.00254 0.96305 0.03275 0.00012 0.00001 0.00015 0.00006 0.00001 0.00001 0.00000 0.00022 0.00063 0.00002 0.00021 0.00000 0.00008 0.00002 0.00002 0.00000
0.00230 0.00379 0.00439 0.00372 0.00160 0.01015 0.00019 0.70622 0.23980 0.00137 0.00060 0.00748 0.00259 0.00541 0.00250 0.00008 0.00125 0.00075 0.00475 0.00108
0.00326 0.16436 0.00375 0.09429 0.04228 0.00797 0.04822 0.27434 0.01568 0.00629 0.00790 0.00555 0.23860 0.01898 0.01180 0.01126 0.00740 0.00108 0.01699 0.02003
0.00004 0.00000 0.00000 0.00002 0.00000 0.00000 0.00000 0.00000 0.00000 0.00000 0.00000 0.00005 0.00000 0.00003 0.00000 0.00000 0.52825 0.00000 0.00104 0.47056
0.00244 0.09954 0.82756 0.01473 0.00114 0.01383 0.00383 0.00187 0.00157 0.00073 0.00115 0.00492 0.00041 0.00396 0.00402 0.00122 0.00113 0.00215 0.00247 0.01133
0.00402 0.00181 0.82158 0.14061 0.00014 0.00016 0.00075 0.00094 0.00147 0.00013 0.00008 0.01675 0.00061 0.00588 0.00035 0.00062 0.00019 0.00008 0.00216 0.00168
0.13751 0.00061 0.00073 0.00013 0.00025 0.00010 0.00000 0.00009 0.00001 0.00003 0.00001 0.00132 0.00013 0.00023 0.00015 0.00022 0.00039 0.00279 0.02581 0.82947
0.01388 0.02267 0.00172 0.00778 0.02471 0.00129 0.01578 0.04156 0.00436 0.01331 0.00259 0.00983 0.68508 0.00801 0.07255 0.00961 0.01841 0.01184 0.01788 0.01715
0.00101 0.00350 0.00226 0.01186 0.00549 0.00075 0.00002 0.01987 0.00841 0.00245 0.00259 0.00085 0.01724 0.90925 0.00363 0.00121 0.00430 0.00092 0.00263 0.00176
0.07055 0.03023 0.00848 0.00662 0.01119 0.00802 0.00871 0.07878 0.36848 0.01572 0.03824 0.01561 0.02489 0.01349 0.05678 0.02708 0.05833 0.10036 0.02846 0.02999
0.00057 0.00032 0.00093 0.00137 0.00381 0.00028 0.81866 0.15540 0.00598 0.00136 0.00034 0.00243 0.00422 0.00033 0.00024 0.00079 0.00037 0.00020 0.00071 0.00169
